1 0.3578125 0.4203125 0.428125 0.4203125 0.428125 0.503125 0.3578125 0.503125
1 0.4015625 0.4234375 0.4640625 0.4234375 0.4640625 0.50625 0.4015625 0.50625
1 0.2484375 0.471875 0.3015625 0.471875 0.3015625 0.53125 0.2484375 0.53125
1 0.26875 0.51875 0.3078125 0.51875 0.3078125 0.5578125 0.26875 0.5578125
1 0.4984375 0.55 0.5609375 0.55 0.5609375 0.6171875 0.4984375 0.6171875
1 0.275 0.5734375 0.3203125 0.5734375 0.3203125 0.6171875 0.275 0.6171875
1 0.3640625 0.5953125 0.421875 0.5953125 0.421875 0.6421875 0.3640625 0.6421875
1 0.328125 0.6296875 0.3734375 0.6296875 0.3734375 0.690625 0.328125 0.690625
1 0.5671875 0.6578125 0.6203125 0.6578125 0.6203125 0.728125 0.5671875 0.728125
1 0.5875 0.740625 0.6546875 0.740625 0.6546875 0.80625 0.5875 0.80625
1 0.1078125 0.740625 0.1703125 0.740625 0.1703125 0.81875 0.1078125 0.81875
1 0.8515625 0.8515625 0.8890625 0.8515625 0.8890625 0.9203125 0.8515625 0.9203125
1 0.48125 0.053125 0.5546875 0.053125 0.5546875 0.1234375 0.48125 0.1234375
1 0.8125 0.9109375 0.8796875 0.9109375 0.8796875 0.971875 0.8125 0.971875
1 0.196875 0.1734375 0.2671875 0.1734375 0.2671875 0.23125 0.196875 0.23125
1 0.7859375 0.234375 0.85625 0.234375 0.85625 0.315625 0.7859375 0.315625
1 0.4421875 0.3390625 0.5125 0.3390625 0.5125 0.4265625 0.4421875 0.4265625