8 0.1515625 0.025 0.184375 0.025 0.184375 0.0640625 0.1515625 0.0640625
8 0.4546875 0.4234375 0.4828125 0.4234375 0.4828125 0.475 0.4546875 0.475
8 0.2796875 0.028125 0.325 0.028125 0.325 0.0765625 0.2796875 0.0765625
0 0.6671875 0.5453125 0.74375 0.5453125 0.74375 0.625 0.6671875 0.625
0 0.3515625 0.55 0.4546875 0.55 0.4546875 0.65625 0.3515625 0.65625
0 0.2953125 0.7265625 0.365625 0.7265625 0.365625 0.80625 0.2953125 0.80625
0 0.1796875 0.7265625 0.2546875 0.7265625 0.2546875 0.809375 0.1796875 0.809375
0 0.3703125 0.7546875 0.4875 0.7546875 0.4875 0.84375 0.3703125 0.84375
0 0.5390625 0.846875 0.596875 0.846875 0.596875 0.9265625 0.5390625 0.9265625
1 0.2890625 0.8921875 0.3484375 0.8921875 0.3484375 0.9515625 0.2890625 0.9515625
1 0.40625 0.9234375 0.46875 0.9234375 0.46875 0.99375 0.40625 0.99375
8 0.5875 0.0734375 0.65 0.0734375 0.65 0.1328125 0.5875 0.1328125
8 0.3328125 0.171875 0.390625 0.171875 0.390625 0.2078125 0.3328125 0.2078125
0 0.2953125 0.2265625 0.3796875 0.2265625 0.3796875 0.325 0.2953125 0.325
8 0.6515625 0.2609375 0.7046875 0.2609375 0.7046875 0.31875 0.6515625 0.31875
8 0.4046875 0.3125 0.4421875 0.3125 0.4421875 0.359375 0.4046875 0.359375
8 0.484375 0.359375 0.5203125 0.359375 0.5203125 0.3984375 0.484375 0.3984375