8 0.3984375 0.296875 0.4375 0.296875 0.4375 0.3484375 0.3984375 0.3484375
0 0.8453125 0.353125 0.896875 0.353125 0.896875 0.4234375 0.8453125 0.4234375
0 0.2796875 0.35 0.3640625 0.35 0.3640625 0.4390625 0.2796875 0.4390625
1 0.234375 0.4078125 0.275 0.4078125 0.275 0.4453125 0.234375 0.4453125
1 0.16875 0.4046875 0.228125 0.4046875 0.228125 0.4640625 0.16875 0.4640625
0 0.7796875 0.4328125 0.8484375 0.4328125 0.8484375 0.509375 0.7796875 0.509375
1 0.70625 0.465625 0.759375 0.465625 0.759375 0.5328125 0.70625 0.5328125
0 0.575 0.5828125 0.625 0.5828125 0.625 0.64375 0.575 0.64375
0 0.146875 0.6984375 0.2203125 0.6984375 0.2203125 0.775 0.146875 0.775
0 0.2578125 0.7578125 0.321875 0.7578125 0.321875 0.828125 0.2578125 0.828125
0 0.68125 0.796875 0.7578125 0.796875 0.7578125 0.8640625 0.68125 0.8640625
0 0.159375 0.0578125 0.2125 0.0578125 0.2125 0.125 0.159375 0.125
0 0.85 0.1484375 0.8953125 0.1484375 0.8953125 0.240625 0.85 0.240625
0 0.7859375 0.2015625 0.8390625 0.2015625 0.8390625 0.271875 0.7859375 0.271875
8 0.3265625 0.2515625 0.3703125 0.2515625 0.3703125 0.303125 0.3265625 0.303125