8 0.140625 0.465625 0.1859375 0.465625 0.1859375 0.509375 0.140625 0.509375
0 0.678125 0.484375 0.746875 0.484375 0.746875 0.5640625 0.678125 0.5640625
0 0.2421875 0.521875 0.29375 0.521875 0.29375 0.5921875 0.2421875 0.5921875
8 0.7890625 0.646875 0.8171875 0.646875 0.8171875 0.671875 0.7890625 0.671875
8 0.7375 0.6375 0.771875 0.6375 0.771875 0.69375 0.7375 0.69375
8 0.8703125 0.665625 0.9234375 0.665625 0.9234375 0.7140625 0.8703125 0.7140625
0 0.5046875 0.6703125 0.546875 0.6703125 0.546875 0.746875 0.5046875 0.746875
8 0.8671875 0.703125 0.896875 0.703125 0.896875 0.7421875 0.8671875 0.7421875
8 0.25 0.7484375 0.303125 0.7484375 0.303125 0.7859375 0.25 0.7859375
8 0.6796875 0.79375 0.73125 0.79375 0.73125 0.853125 0.6796875 0.853125
8 0.525 0.828125 0.578125 0.828125 0.578125 0.875 0.525 0.875
8 0.4765625 0.9453125 0.5 0.9453125 0.5 0.9734375 0.4765625 0.9734375
8 0.565625 0.9390625 0.60625 0.9390625 0.60625 0.9828125 0.565625 0.9828125