0 0.371875 0.41875 0.4171875 0.41875 0.4171875 0.4765625 0.371875 0.4765625
0 0.53125 0.4296875 0.615625 0.4296875 0.615625 0.5359375 0.53125 0.5359375
0 0.534375 0.0125 0.603125 0.0125 0.603125 0.1109375 0.534375 0.1109375
0 0.4625 0.0125 0.5421875 0.0125 0.5421875 0.125 0.4625 0.125
0 0.4609375 0.63125 0.553125 0.63125 0.553125 0.7140625 0.4609375 0.7140625
0 0.35625 0.0328125 0.4359375 0.0328125 0.4359375 0.109375 0.35625 0.109375
0 0.196875 0.746875 0.2609375 0.746875 0.2609375 0.8046875 0.196875 0.8046875
8 0.3734375 0.9203125 0.415625 0.9203125 0.415625 0.978125 0.3734375 0.978125
8 0.690625 0 0.7265625 0 0.7265625 0.0484375 0.690625 0.0484375
0 0.871875 0.1984375 0.9234375 0.1984375 0.9234375 0.26875 0.871875 0.26875
0 0.3796875 0.190625 0.4859375 0.190625 0.4859375 0.3125 0.3796875 0.3125