8 0.43125 0.2984375 0.484375 0.2984375 0.484375 0.3453125 0.43125 0.3453125
8 0.2453125 0.325 0.290625 0.325 0.290625 0.38125 0.2453125 0.38125
8 0.5078125 0.334375 0.540625 0.334375 0.540625 0.3828125 0.5078125 0.3828125
8 0.3625 0.36875 0.4015625 0.36875 0.4015625 0.4203125 0.3625 0.4203125
8 0.5890625 0.3828125 0.625 0.3828125 0.625 0.4296875 0.5890625 0.4296875
8 0.5703125 0.6375 0.60625 0.6375 0.60625 0.675 0.5703125 0.675
8 0.3703125 0.0453125 0.396875 0.0453125 0.396875 0.0921875 0.3703125 0.0921875
8 0.4109375 0.0671875 0.446875 0.0671875 0.446875 0.1109375 0.4109375 0.1109375
8 0.2546875 0.0671875 0.2984375 0.0671875 0.2984375 0.1171875 0.2546875 0.1171875
8 0.3296875 0.0921875 0.3671875 0.0921875 0.3671875 0.1375 0.3296875 0.1375
8 0.26875 0.13125 0.3078125 0.13125 0.3078125 0.16875 0.26875 0.16875
8 0.41875 0.128125 0.4640625 0.128125 0.4640625 0.178125 0.41875 0.178125
8 0.4015625 0 0.446875 0 0.446875 0.034375 0.4015625 0.034375
8 0.6015625 0.1375 0.634375 0.1375 0.634375 0.196875 0.6015625 0.196875
8 0.5078125 0.184375 0.5609375 0.184375 0.5609375 0.2453125 0.5078125 0.2453125