0 0.6421875 0.453125 0.728125 0.453125 0.728125 0.54375 0.6421875 0.54375
0 0.540625 0.45 0.628125 0.45 0.628125 0.5546875 0.540625 0.5546875
0 0.9453125 0.4625 0.9953125 0.4625 0.9953125 0.5671875 0.9453125 0.5671875
0 0.6734375 0.55 0.7359375 0.55 0.7359375 0.6109375 0.6734375 0.6109375
0 0.490625 0.5578125 0.5765625 0.5578125 0.5765625 0.6484375 0.490625 0.6484375
0 0.3109375 0.5734375 0.409375 0.5734375 0.409375 0.675 0.3109375 0.675
0 0.6265625 0.6421875 0.7453125 0.6421875 0.7453125 0.753125 0.6265625 0.753125
0 0.409375 0.6578125 0.478125 0.6578125 0.478125 0.75625 0.409375 0.75625
0 0.54375 0.690625 0.6421875 0.690625 0.6421875 0.778125 0.54375 0.778125
0 0.334375 0.675 0.41875 0.675 0.41875 0.7953125 0.334375 0.7953125
0 0.209375 0.7875 0.3 0.7875 0.3 0.8640625 0.209375 0.8640625
0 0.3671875 0.8203125 0.4421875 0.8203125 0.4421875 0.9078125 0.3671875 0.9078125
0 0.15 0.8546875 0.2078125 0.8546875 0.2078125 0.9109375 0.15 0.9109375
0 0.5546875 0.8296875 0.6296875 0.8296875 0.6296875 0.965625 0.5546875 0.965625
0 0.2890625 0.8828125 0.3421875 0.8828125 0.3421875 0.95 0.2890625 0.95
0 0.2046875 0.9171875 0.284375 0.9171875 0.284375 0.978125 0.2046875 0.978125
0 0.3609375 0.9171875 0.4859375 0.9171875 0.4859375 0.9875 0.3609375 0.9875
0 0.5171875 0.221875 0.584375 0.221875 0.584375 0.3 0.5171875 0.3
0 0.45 0.225 0.51875 0.225 0.51875 0.30625 0.45 0.30625
0 0.41875 0.3359375 0.5265625 0.3359375 0.5265625 0.4265625 0.41875 0.4265625
0 0.78125 0.3671875 0.84375 0.3671875 0.84375 0.446875 0.78125 0.446875
0 0.6953125 0.3640625 0.7890625 0.3640625 0.7890625 0.45625 0.6953125 0.45625