0 0.7046875 0.325 0.771875 0.325 0.771875 0.4078125 0.7046875 0.4078125
8 0.58125 0.365625 0.6296875 0.365625 0.6296875 0.4109375 0.58125 0.4109375
8 0.321875 0.3890625 0.3796875 0.3890625 0.3796875 0.4421875 0.321875 0.4421875
8 0.5609375 0.4109375 0.60625 0.4109375 0.60625 0.471875 0.5609375 0.471875
8 0.2015625 0.45625 0.253125 0.45625 0.253125 0.5125 0.2015625 0.5125
8 0.634375 0.48125 0.6828125 0.48125 0.6828125 0.53125 0.634375 0.53125
0 0.6328125 0.5515625 0.690625 0.5515625 0.690625 0.63125 0.6328125 0.63125
0 0.51875 0.66875 0.571875 0.66875 0.571875 0.7515625 0.51875 0.7515625
1 0.3734375 0.7703125 0.415625 0.7703125 0.415625 0.828125 0.3734375 0.828125
0 0.0359375 0.85 0.1046875 0.85 0.1046875 0.9328125 0.0359375 0.9328125
8 0.434375 0.0921875 0.4859375 0.0921875 0.4859375 0.140625 0.434375 0.140625
8 0.6140625 0 0.6546875 0 0.6546875 0.0609375 0.6140625 0.0609375