0 0.3609375 0.3 0.4140625 0.3 0.4140625 0.359375 0.3609375 0.359375
0 0.25 0.325 0.3171875 0.325 0.3171875 0.3953125 0.25 0.3953125
0 0.3578125 0.34375 0.4203125 0.34375 0.4203125 0.3953125 0.3578125 0.3953125
0 0.4953125 0.321875 0.5984375 0.321875 0.5984375 0.4390625 0.4953125 0.4390625
0 0.2640625 0.3796875 0.3171875 0.3796875 0.3171875 0.4359375 0.2640625 0.4359375
0 0.425 0.3828125 0.4640625 0.3828125 0.4640625 0.4390625 0.425 0.4390625
0 0.303125 0.4453125 0.353125 0.4453125 0.353125 0.496875 0.303125 0.496875
0 0.228125 0.4453125 0.28125 0.4453125 0.28125 0.503125 0.228125 0.503125
0 0.1515625 0.515625 0.196875 0.515625 0.196875 0.5671875 0.1515625 0.5671875
0 0.4578125 0.528125 0.5203125 0.528125 0.5203125 0.5859375 0.4578125 0.5859375
1 0.5453125 0.5390625 0.5890625 0.5390625 0.5890625 0.590625 0.5453125 0.590625
0 0.703125 0.5515625 0.7390625 0.5515625 0.7390625 0.6015625 0.703125 0.6015625
0 0.1390625 0.5703125 0.1921875 0.5703125 0.1921875 0.6203125 0.1390625 0.6203125
0 0.4328125 0.5640625 0.46875 0.5640625 0.46875 0.63125 0.4328125 0.63125
0 0.4546875 0.5828125 0.496875 0.5828125 0.496875 0.64375 0.4546875 0.64375
0 0.159375 0.64375 0.196875 0.64375 0.196875 0.678125 0.159375 0.678125
0 0.4921875 0.64375 0.54375 0.64375 0.54375 0.690625 0.4921875 0.690625
0 0.0734375 0.675 0.11875 0.675 0.11875 0.7359375 0.0734375 0.7359375
0 0.48125 0.6875 0.5265625 0.6875 0.5265625 0.7671875 0.48125 0.7671875
0 0.6109375 0.0765625 0.65625 0.0765625 0.65625 0.15625 0.6109375 0.15625
1 0.075 0.125 0.1171875 0.125 0.1171875 0.184375 0.075 0.184375
1 0.646875 0.165625 0.6828125 0.165625 0.6828125 0.2203125 0.646875 0.2203125
1 0.1921875 0.16875 0.26875 0.16875 0.26875 0.2453125 0.1921875 0.2453125
0 0.54375 0.1921875 0.60625 0.1921875 0.60625 0.271875 0.54375 0.271875