8 0.3546875 0.3515625 0.396875 0.3515625 0.396875 0.40625 0.3546875 0.40625
0 0.7234375 0.359375 0.8 0.359375 0.8 0.4171875 0.7234375 0.4171875
0 0.675 0.4015625 0.728125 0.4015625 0.728125 0.4515625 0.675 0.4515625
0 0.615625 0.475 0.66875 0.475 0.66875 0.5421875 0.615625 0.5421875
0 0.7171875 0.49375 0.7796875 0.49375 0.7796875 0.5515625 0.7171875 0.5515625
8 0.4546875 0.53125 0.5046875 0.53125 0.5046875 0.5875 0.4546875 0.5875
0 0.5546875 0.540625 0.6046875 0.540625 0.6046875 0.59375 0.5546875 0.59375
0 0.6875 0.5546875 0.746875 0.5546875 0.746875 0.621875 0.6875 0.621875
0 0.365625 0.5671875 0.4234375 0.5671875 0.4234375 0.65625 0.365625 0.65625
0 0.6171875 0.6609375 0.6671875 0.6609375 0.6671875 0.7390625 0.6171875 0.7390625
0 0.5125 0.7046875 0.5859375 0.7046875 0.5859375 0.7640625 0.5125 0.7640625
8 0.5640625 0.0640625 0.60625 0.0640625 0.60625 0.11875 0.5640625 0.11875
8 0.5421875 0.109375 0.590625 0.109375 0.590625 0.171875 0.5421875 0.171875
8 0.6234375 0.1640625 0.6796875 0.1640625 0.6796875 0.234375 0.6234375 0.234375
0 0.4953125 0.21875 0.5578125 0.21875 0.5578125 0.3109375 0.4953125 0.3109375
8 0.3125 0.2359375 0.3578125 0.2359375 0.3578125 0.2953125 0.3125 0.2953125
0 0.7328125 0.2578125 0.784375 0.2578125 0.784375 0.309375 0.7328125 0.309375
0 0.646875 0.2609375 0.6921875 0.2609375 0.6921875 0.3125 0.646875 0.3125
0 0.5875 0.759375 0.6453125 0.759375 0.6453125 0.834375 0.5875 0.834375
0 0.45 0.2609375 0.503125 0.2609375 0.503125 0.3359375 0.45 0.3359375
0 0.5171875 0.425 0.5578125 0.425 0.5578125 0.48125 0.5171875 0.48125