1 0.7640625 0.0125 0.821875 0.0125 0.821875 0.0796875 0.7640625 0.0796875
8 0.3703125 0.44375 0.4203125 0.44375 0.4203125 0.503125 0.3703125 0.503125
8 0.46875 0.46875 0.51875 0.46875 0.51875 0.525 0.46875 0.525
1 0.7265625 0.021875 0.771875 0.021875 0.771875 0.0828125 0.7265625 0.0828125
8 0.6296875 0.5640625 0.6796875 0.5640625 0.6796875 0.6296875 0.6296875 0.6296875
1 0.0515625 0.75 0.109375 0.75 0.109375 0.8390625 0.0515625 0.8390625
0 0.634375 0.040625 0.7046875 0.040625 0.7046875 0.1390625 0.634375 0.1390625
0 0.303125 0.1546875 0.365625 0.1546875 0.365625 0.215625 0.303125 0.215625
0 0.2640625 0.221875 0.315625 0.221875 0.315625 0.278125 0.2640625 0.278125
8 0.290625 0.3703125 0.3265625 0.3703125 0.3265625 0.4265625 0.290625 0.4265625
8 0.125 0.3828125 0.2 0.3828125 0.2 0.4625 0.125 0.4625