8 0.4140625 0.334375 0.45625 0.334375 0.45625 0.36875 0.4140625 0.36875
8 0.55 0.3375 0.6015625 0.3375 0.6015625 0.3765625 0.55 0.3765625
0 0.1640625 0.3734375 0.2375 0.3734375 0.2375 0.45625 0.1640625 0.45625
0 0.25 0.3828125 0.3171875 0.3828125 0.3171875 0.465625 0.25 0.465625
8 0.5453125 0.4625 0.584375 0.4625 0.584375 0.509375 0.5453125 0.509375
0 0.4359375 0.490625 0.48125 0.490625 0.48125 0.5734375 0.4359375 0.5734375
0 0.4734375 0.6125 0.55 0.6125 0.55 0.6953125 0.4734375 0.6953125
0 0.45 0.6953125 0.5171875 0.6953125 0.5171875 0.771875 0.45 0.771875
0 0.2359375 0.68125 0.33125 0.68125 0.33125 0.79375 0.2359375 0.79375
1 0.3203125 0.2078125 0.3578125 0.2078125 0.3578125 0.2546875 0.3203125 0.2546875
8 0.5890625 0.2140625 0.6109375 0.2140625 0.6109375 0.2484375 0.5890625 0.2484375
8 0.5515625 0.2109375 0.5875 0.2109375 0.5875 0.2546875 0.5515625 0.2546875