0 0.4265625 0.35625 0.471875 0.35625 0.471875 0.3953125 0.4265625 0.3953125
0 0.1828125 0.4015625 0.2578125 0.4015625 0.2578125 0.484375 0.1828125 0.484375
0 0.1015625 0.4234375 0.14375 0.4234375 0.14375 0.5 0.1015625 0.5
0 0.4734375 0.459375 0.51875 0.459375 0.51875 0.515625 0.4734375 0.515625
0 0.503125 0.7015625 0.55625 0.7015625 0.55625 0.7578125 0.503125 0.7578125
1 0.390625 0.7421875 0.44375 0.7421875 0.44375 0.7984375 0.390625 0.7984375
0 0.478125 0.7515625 0.5171875 0.7515625 0.5171875 0.81875 0.478125 0.81875
0 0.58125 0.80625 0.65625 0.80625 0.65625 0.8765625 0.58125 0.8765625
0 0.3765625 0.846875 0.428125 0.846875 0.428125 0.9296875 0.3765625 0.9296875
0 0.396875 0.140625 0.4546875 0.140625 0.4546875 0.190625 0.396875 0.190625
0 0.3 0.1203125 0.3796875 0.1203125 0.3796875 0.2328125 0.3 0.2328125
0 0.0671875 0.2203125 0.128125 0.2203125 0.128125 0.303125 0.0671875 0.303125