2 0.3734375 0.46875 0.4109375 0.46875 0.4109375 0.515625 0.3734375 0.515625
2 0.4953125 0.478125 0.5390625 0.478125 0.5390625 0.525 0.4953125 0.525
2 0.6171875 0.484375 0.6609375 0.484375 0.6609375 0.53125 0.6171875 0.53125
2 0.7109375 0.509375 0.7546875 0.509375 0.7546875 0.5578125 0.7109375 0.5578125
0 0.696875 0.03125 0.759375 0.03125 0.759375 0.0796875 0.696875 0.0796875
0 0.7046875 0.5796875 0.7984375 0.5796875 0.7984375 0.65 0.7046875 0.65
0 0.6234375 0.0359375 0.66875 0.0359375 0.66875 0.0921875 0.6234375 0.0921875
0 0.5625 0.621875 0.615625 0.621875 0.615625 0.6890625 0.5625 0.6890625
0 0.4546875 0.634375 0.5046875 0.634375 0.5046875 0.671875 0.4546875 0.671875
0 0.6078125 0.640625 0.6828125 0.640625 0.6828125 0.7078125 0.6078125 0.7078125
0 0.5296875 0.7140625 0.5671875 0.7140625 0.5671875 0.7484375 0.5296875 0.7484375
0 0.5703125 0.7328125 0.6203125 0.7328125 0.6203125 0.7796875 0.5703125 0.7796875
0 0.2890625 0.7390625 0.365625 0.7390625 0.365625 0.7984375 0.2890625 0.7984375
0 0.5609375 0.790625 0.6140625 0.790625 0.6140625 0.8375 0.5609375 0.8375
0 0.6828125 0.0953125 0.7421875 0.0953125 0.7421875 0.14375 0.6828125 0.14375
0 0.5828125 0.14375 0.640625 0.14375 0.640625 0.19375 0.5828125 0.19375
0 0.271875 0.140625 0.340625 0.140625 0.340625 0.2109375 0.271875 0.2109375
0 0.36875 0.165625 0.4046875 0.165625 0.4046875 0.203125 0.36875 0.203125
0 0.4046875 0.16875 0.4734375 0.16875 0.4734375 0.2265625 0.4046875 0.2265625
0 0.615625 0.178125 0.675 0.178125 0.675 0.2390625 0.615625 0.2390625
0 0.7484375 0.2 0.784375 0.2 0.784375 0.2453125 0.7484375 0.2453125
0 0.509375 0.2203125 0.5796875 0.2203125 0.5796875 0.303125 0.509375 0.303125
0 0.35625 0.2296875 0.41875 0.2296875 0.41875 0.296875 0.35625 0.296875
0 0.6375 0.2359375 0.7046875 0.2359375 0.7046875 0.2953125 0.6375 0.2953125
0 0.190625 0.2546875 0.2359375 0.2546875 0.2359375 0.3 0.190625 0.3
0 0.3984375 0.2703125 0.4859375 0.2703125 0.4859375 0.340625 0.3984375 0.340625
0 0.5171875 0.29375 0.603125 0.29375 0.603125 0.34375 0.5171875 0.34375
0 0.3125 0.29375 0.365625 0.29375 0.365625 0.35 0.3125 0.35
0 0.60625 0.315625 0.690625 0.315625 0.690625 0.3828125 0.60625 0.3828125
0 0.2328125 0.321875 0.290625 0.321875 0.290625 0.38125 0.2328125 0.38125
0 0.6734375 0.3625 0.7265625 0.3625 0.7265625 0.4234375 0.6734375 0.4234375
0 0.60625 0.3859375 0.665625 0.3859375 0.665625 0.4453125 0.60625 0.4453125
0 0.565625 0.3859375 0.625 0.3859375 0.625 0.4421875 0.565625 0.4421875
0 0.346875 0.3984375 0.3921875 0.3984375 0.3921875 0.4578125 0.346875 0.4578125
0 0.246875 0.4046875 0.334375 0.4046875 0.334375 0.4609375 0.246875 0.4609375
0 0.5265625 0.4171875 0.5859375 0.4171875 0.5859375 0.475 0.5265625 0.475