0 0.6265625 0.2828125 0.6453125 0.2828125 0.6453125 0.3 0.6265625 0.3
0 0.6953125 0.3140625 0.7078125 0.3140625 0.7078125 0.325 0.6953125 0.325
0 0.2046875 0.3515625 0.2390625 0.3515625 0.2390625 0.3765625 0.2046875 0.3765625
0 0.259375 0.315625 0.3046875 0.315625 0.3046875 0.3375 0.259375 0.3375
1 0.2609375 0.603125 0.3390625 0.603125 0.3390625 0.6296875 0.2609375 0.6296875
0 0.4578125 0.5234375 0.471875 0.5234375 0.471875 0.5359375 0.4578125 0.5359375
0 0.440625 0.6171875 0.4515625 0.6171875 0.4515625 0.6296875 0.440625 0.6296875
0 0.2296875 0.609375 0.24375 0.609375 0.24375 0.621875 0.2296875 0.621875
0 0.4 0.8890625 0.4171875 0.8890625 0.4171875 0.9046875 0.4 0.9046875
0 0.6328125 0.8109375 0.65 0.8109375 0.65 0.8234375 0.6328125 0.8234375
0 0.7 0.5921875 0.734375 0.5921875 0.734375 0.603125 0.7 0.603125
0 0.775 0.553125 0.7890625 0.553125 0.7890625 0.56875 0.775 0.56875