0 0.3671875 0.6 0.4109375 0.6 0.4109375 0.6296875 0.3671875 0.6296875
0 0.46875 0.5578125 0.515625 0.5578125 0.515625 0.59375 0.46875 0.59375
0 0.2484375 0.640625 0.3453125 0.640625 0.3453125 0.6765625 0.2484375 0.6765625
0 0.3171875 0.7015625 0.3765625 0.7015625 0.3765625 0.7484375 0.3171875 0.7484375
0 0.615625 0.7109375 0.6578125 0.7109375 0.6578125 0.7296875 0.615625 0.7296875
0 0.659375 0.728125 0.684375 0.728125 0.684375 0.7484375 0.659375 0.7484375
0 0.7 0.71875 0.71875 0.71875 0.71875 0.734375 0.7 0.734375
0 0.7015625 0.63125 0.7515625 0.63125 0.7515625 0.7078125 0.7015625 0.7078125
0 0.4671875 0.375 0.509375 0.375 0.509375 0.4046875 0.4671875 0.4046875
0 0.559375 0.35 0.5859375 0.35 0.5859375 0.371875 0.559375 0.371875
0 0.575 0.3796875 0.615625 0.3796875 0.615625 0.3984375 0.575 0.3984375
0 0.6375 0.3375 0.703125 0.3375 0.703125 0.40625 0.6375 0.40625
0 0.4140625 0.325 0.4796875 0.325 0.4796875 0.346875 0.4140625 0.346875
0 0.365625 0.36875 0.4015625 0.36875 0.4015625 0.3859375 0.365625 0.3859375
0 0.51875 0.421875 0.55 0.421875 0.55 0.4609375 0.51875 0.4609375
0 0.4921875 0.48125 0.51875 0.48125 0.51875 0.509375 0.4921875 0.509375
0 0.3921875 0.7203125 0.4234375 0.7203125 0.4234375 0.7421875 0.3921875 0.7421875
0 0.4109375 0.4265625 0.4375 0.4265625 0.4375 0.4421875 0.4109375 0.4421875
0 0.3734375 0.4109375 0.3953125 0.4109375 0.3953125 0.4203125 0.3734375 0.4203125
0 0.5375 0.4765625 0.5640625 0.4765625 0.5640625 0.496875 0.5375 0.496875
0 0.234375 0.6265625 0.2515625 0.6265625 0.2515625 0.6390625 0.234375 0.6390625
0 0.303125 0.6125 0.334375 0.6125 0.334375 0.640625 0.303125 0.640625