0 0.4640625 0.4078125 0.515625 0.4078125 0.515625 0.4421875 0.4640625 0.4421875
0 0.371875 0.425 0.446875 0.425 0.446875 0.446875 0.371875 0.446875
0 0.2953125 0.4671875 0.3359375 0.4671875 0.3359375 0.484375 0.2953125 0.484375
0 0.3171875 0.5046875 0.3421875 0.5046875 0.3421875 0.525 0.3171875 0.525
0 0.328125 0.4875 0.39375 0.4875 0.39375 0.503125 0.328125 0.503125
0 0.4390625 0.453125 0.521875 0.453125 0.521875 0.4796875 0.4390625 0.4796875
0 0.6375 0.5890625 0.6625 0.5890625 0.6625 0.6171875 0.6375 0.6171875
0 0.534375 0.6953125 0.5625 0.6953125 0.5625 0.7125 0.534375 0.7125
1 0.4171875 0.646875 0.5109375 0.646875 0.5109375 0.74375 0.4171875 0.74375
0 0.346875 0.534375 0.3625 0.534375 0.3625 0.553125 0.346875 0.553125
0 0.3078125 0.5390625 0.3390625 0.5390625 0.3390625 0.5625 0.3078125 0.5625
0 0.325 0.5609375 0.36875 0.5609375 0.36875 0.5796875 0.325 0.5796875
0 0.4625 0.48125 0.509375 0.48125 0.509375 0.4984375 0.4625 0.4984375
1 0.425 0.7140625 0.578125 0.7140625 0.578125 0.7796875 0.425 0.7796875
0 0.615625 0.740625 0.6765625 0.740625 0.6765625 0.7640625 0.615625 0.7640625
0 0.325 0.684375 0.3578125 0.684375 0.3578125 0.70625 0.325 0.70625
0 0.621875 0.471875 0.6375 0.471875 0.6375 0.484375 0.621875 0.484375
0 0.4921875 0.81875 0.509375 0.81875 0.509375 0.8375 0.4921875 0.8375
0 0.259375 0.5109375 0.28125 0.5109375 0.28125 0.5296875 0.259375 0.5296875
0 0.5296875 0.459375 0.5640625 0.459375 0.5640625 0.4890625 0.5296875 0.4890625
0 0.40625 0.4609375 0.4328125 0.4609375 0.4328125 0.48125 0.40625 0.48125