0 0.6921875 0.540625 0.7453125 0.540625 0.7453125 0.5703125 0.6921875 0.5703125
0 0.70625 0.56875 0.7578125 0.56875 0.7578125 0.5921875 0.70625 0.5921875
0 0.55625 0.5765625 0.603125 0.5765625 0.603125 0.609375 0.55625 0.609375
0 0.3625 0.5828125 0.3890625 0.5828125 0.3890625 0.6109375 0.3625 0.6109375
1 0.45625 0.6 0.5125 0.6 0.5125 0.640625 0.45625 0.640625
1 0.5 0.665625 0.5453125 0.665625 0.5453125 0.7015625 0.5 0.7015625
1 0.5328125 0.6171875 0.5953125 0.6171875 0.5953125 0.6609375 0.5328125 0.6609375
0 0.7296875 0.7015625 0.7546875 0.7015625 0.7546875 0.715625 0.7296875 0.715625
0 0.6109375 0.703125 0.6515625 0.703125 0.6515625 0.7296875 0.6109375 0.7296875
0 0.528125 0.7609375 0.5640625 0.7609375 0.5640625 0.784375 0.528125 0.784375
0 0.375 0.478125 0.4015625 0.478125 0.4015625 0.4921875 0.375 0.4921875
0 0.6828125 0.3328125 0.740625 0.3328125 0.740625 0.365625 0.6828125 0.365625
0 0.7546875 0.4015625 0.78125 0.4015625 0.78125 0.4171875 0.7546875 0.4171875
0 0.671875 0.365625 0.74375 0.365625 0.74375 0.3953125 0.671875 0.3953125
0 0.596875 0.3609375 0.621875 0.3609375 0.621875 0.3765625 0.596875 0.3765625
0 0.571875 0.3078125 0.609375 0.3078125 0.609375 0.35 0.571875 0.35
0 0.6546875 0.278125 0.6796875 0.278125 0.6796875 0.296875 0.6546875 0.296875
0 0.7171875 0.4609375 0.74375 0.4609375 0.74375 0.4859375 0.7171875 0.4859375
0 0.7234375 0.4296875 0.7859375 0.4296875 0.7859375 0.4484375 0.7234375 0.4484375
0 0.5578125 0.7203125 0.5859375 0.7203125 0.5859375 0.7421875 0.5578125 0.7421875
0 0.4125 0.6171875 0.4359375 0.6171875 0.4359375 0.6453125 0.4125 0.6453125