0 0.171875 0.5890625 0.1875 0.5890625 0.1875 0.609375 0.171875 0.609375
0 0.428125 0.95 0.45625 0.95 0.45625 0.9703125 0.428125 0.9703125
0 0.625 0.8453125 0.64375 0.8453125 0.64375 0.8640625 0.625 0.8640625
0 0.5640625 0.584375 0.5921875 0.584375 0.5921875 0.609375 0.5640625 0.609375
0 0.5015625 0.565625 0.55 0.565625 0.55 0.6109375 0.5015625 0.6109375
0 0.2953125 0.6546875 0.3328125 0.6546875 0.3328125 0.6703125 0.2953125 0.6703125
0 0.571875 0.6109375 0.628125 0.6109375 0.628125 0.6796875 0.571875 0.6796875
0 0.5484375 0.6390625 0.5640625 0.6390625 0.5640625 0.6546875 0.5484375 0.6546875
0 0.50625 0.640625 0.5421875 0.640625 0.5421875 0.6734375 0.50625 0.6734375
0 0.45625 0.696875 0.5328125 0.696875 0.5328125 0.71875 0.45625 0.71875
0 0.54375 0.709375 0.565625 0.709375 0.565625 0.734375 0.54375 0.734375
0 0.521875 0.746875 0.5640625 0.746875 0.5640625 0.7609375 0.521875 0.7609375
0 0.675 0.6328125 0.7015625 0.6328125 0.7015625 0.653125 0.675 0.653125
0 0.6453125 0.596875 0.678125 0.596875 0.678125 0.609375 0.6453125 0.609375
0 0.6390625 0.5640625 0.65625 0.5640625 0.65625 0.5890625 0.6390625 0.5890625
0 0.5625 0.5390625 0.628125 0.5390625 0.628125 0.56875 0.5625 0.56875
0 0.634375 0.640625 0.659375 0.640625 0.659375 0.65625 0.634375 0.65625
0 0.6640625 0.6125 0.671875 0.6125 0.671875 0.621875 0.6640625 0.621875
0 0.6125 0.7140625 0.6453125 0.7140625 0.6453125 0.734375 0.6125 0.734375
0 0.28125 0.8203125 0.315625 0.8203125 0.315625 0.8390625 0.28125 0.8390625
0 0.5703125 0.3953125 0.6078125 0.3953125 0.6078125 0.428125 0.5703125 0.428125
0 0.6046875 0.4234375 0.63125 0.4234375 0.63125 0.45 0.6046875 0.45
0 0.51875 0.4328125 0.540625 0.4328125 0.540625 0.4484375 0.51875 0.4484375
0 0.371875 0.346875 0.4515625 0.346875 0.4515625 0.396875 0.371875 0.396875
0 0.3703125 0.2828125 0.3953125 0.2828125 0.3953125 0.296875 0.3703125 0.296875
0 0.215625 0.35625 0.2375 0.35625 0.2375 0.371875 0.215625 0.371875
0 0.24375 0.3796875 0.2609375 0.3796875 0.2609375 0.409375 0.24375 0.409375
0 0.340625 0.34375 0.365625 0.34375 0.365625 0.3609375 0.340625 0.3609375
0 0.3265625 0.39375 0.3453125 0.39375 0.3453125 0.421875 0.3265625 0.421875
0 0.35625 0.4046875 0.3734375 0.4046875 0.3734375 0.4203125 0.35625 0.4203125
0 0.6203125 0.4703125 0.6390625 0.4703125 0.6390625 0.5015625 0.6203125 0.5015625
0 0.6484375 0.4625 0.6875 0.4625 0.6875 0.534375 0.6484375 0.534375
9 0.290625 0.375 0.3265625 0.375 0.3265625 0.465625 0.290625 0.465625
0 0.3125 0.5015625 0.353125 0.5015625 0.353125 0.5234375 0.3125 0.5234375
0 0.4875 0.80625 0.51875 0.80625 0.51875 0.825 0.4875 0.825