4 0.4265625 0.634375 0.5484375 0.634375 0.5484375 0.7203125 0.4265625 0.7203125
1 0.38125 0.4671875 0.4390625 0.4671875 0.4390625 0.515625 0.38125 0.515625
1 0.3328125 0.45625 0.3734375 0.45625 0.3734375 0.490625 0.3328125 0.490625
0 0.5609375 0.66875 0.5859375 0.66875 0.5859375 0.6859375 0.5609375 0.6859375
0 0.6421875 0.653125 0.6625 0.653125 0.6625 0.6703125 0.6421875 0.6703125
0 0.3765625 0.56875 0.3890625 0.56875 0.3890625 0.5828125 0.3765625 0.5828125
0 0.3984375 0.584375 0.4328125 0.584375 0.4328125 0.6046875 0.3984375 0.6046875
0 0.3203125 0.6625 0.3328125 0.6625 0.3328125 0.6765625 0.3203125 0.6765625
0 0.3484375 0.7375 0.3703125 0.7375 0.3703125 0.7515625 0.3484375 0.7515625
0 0.6421875 0.5359375 0.7015625 0.5359375 0.7015625 0.578125 0.6421875 0.578125
0 0.3671875 0.4421875 0.38125 0.4421875 0.38125 0.45625 0.3671875 0.45625
4 0.253125 0.65625 0.3015625 0.65625 0.3015625 0.6828125 0.253125 0.6828125