0 0.6 0.409375 0.6796875 0.409375 0.6796875 0.4671875 0.6 0.4671875
0 0.58125 0.4546875 0.6 0.4546875 0.6 0.4640625 0.58125 0.4640625
0 0.3078125 0.4265625 0.371875 0.4265625 0.371875 0.4765625 0.3078125 0.4765625
0 0.5015625 0.7953125 0.5359375 0.7953125 0.5359375 0.8234375 0.5015625 0.8234375
0 0.384375 0.709375 0.4109375 0.709375 0.4109375 0.740625 0.384375 0.740625
4 0.3578125 0.6421875 0.4296875 0.6421875 0.4296875 0.6765625 0.3578125 0.6765625
4 0.5828125 0.634375 0.634375 0.634375 0.634375 0.6859375 0.5828125 0.6859375
0 0.5296875 0.615625 0.5625 0.615625 0.5625 0.6515625 0.5296875 0.6515625
0 0.5265625 0.440625 0.5421875 0.440625 0.5421875 0.453125 0.5265625 0.453125
0 0.4890625 0.4703125 0.503125 0.4703125 0.503125 0.484375 0.4890625 0.484375
0 0.571875 0.4796875 0.5984375 0.4796875 0.5984375 0.4984375 0.571875 0.4984375
0 0.51875 0.5609375 0.5390625 0.5609375 0.5390625 0.59375 0.51875 0.59375
0 0.4515625 0.6953125 0.4640625 0.6953125 0.4640625 0.7046875 0.4515625 0.7046875