9 0.5266811281250057 0.32896236874998586 0.5105797349928025 0.3035298222887743 0.6268490507834485 0.22992107223203975 0.6429504301406723 0.25535347630989713
9 0.5188720187500167 0.3556702046875071 0.5089242425890461 0.3513616052782593 0.549271534870968 0.2582099650103125 0.5592192290549747 0.26251854412328346
9 0.5206073765625661 0.3107228703125386 0.5049526600614627 0.28645557644282404 0.6220896497553667 0.2108925583569225 0.6377443413824722 0.23515971340780817
9 0.5123644265624989 0.2976946578125187 0.5028351399786288 0.2878912387277183 0.5852649115154236 0.20776801217018376 0.5947941586912293 0.2175713888063804
9 0.5149674624999534 0.5178714499999643 0.5050934641041067 0.5034871492448826 0.5772272293273772 0.45397496722915476 0.5871012046144415 0.468359174976098
9 0.601574804687516 0.22049608749996166 0.6001780482002914 0.21427883265030911 0.7086304106924217 0.1899142243801609 0.7100271827438291 0.19613145892957284
9 0.6243898952054678 0.4313253840568377 0.6279095978918576 0.4338531679207274 0.5682893353294958 0.5168632402245434 0.5647696484375047 0.5143354749999745
9 0.5707318639102823 0.6787274339942047 0.5691526350791491 0.6794742476702432 0.5425942299141298 0.6233206012624588 0.5441734421874571 0.6225737921875044
9 0.5872288869484237 0.6058099179872349 0.5880827908408719 0.6071746335119688 0.5595267603820275 0.6250400715550437 0.5586728614001686 0.6236753603345473
9 0.5608357697637985 0.6710618246222483 0.5565177722058934 0.6715306117419491 0.5518140125336686 0.6282097007465857 0.5561319734374592 0.6277409156250019
9 0.5328542522797761 0.43331284346376775 0.5346126902685455 0.4356549298384913 0.5004034164169298 0.4613376592364746 0.49864498593751705 0.4589955796874806