0 0.5890625 0.196875 0.6375 0.196875 0.6375 0.2484375 0.5890625 0.2484375
0 0.5359375 0.2015625 0.56875 0.2015625 0.56875 0.225 0.5359375 0.225
0 0.4421875 0.225 0.5015625 0.225 0.5015625 0.2796875 0.4421875 0.2796875
0 0.371875 0.2 0.425 0.2 0.425 0.2546875 0.371875 0.2546875
0 0.321875 0.2328125 0.3671875 0.2328125 0.3671875 0.2984375 0.321875 0.2984375
0 0.30625 0.303125 0.3234375 0.303125 0.3234375 0.3171875 0.30625 0.3171875
0 0.3203125 0.3234375 0.3390625 0.3234375 0.3390625 0.353125 0.3203125 0.353125
0 0.3 0.390625 0.3125 0.390625 0.3125 0.409375 0.3 0.409375
0 0.50625 0.4875 0.534375 0.4875 0.534375 0.509375 0.50625 0.509375
0 0.5078125 0.4515625 0.525 0.4515625 0.525 0.465625 0.5078125 0.465625
0 0.34375 0.4828125 0.3921875 0.4828125 0.3921875 0.5109375 0.34375 0.5109375
0 0.521875 0.240625 0.5765625 0.240625 0.5765625 0.2671875 0.521875 0.2671875
0 0.471875 0.1984375 0.509375 0.1984375 0.509375 0.2234375 0.471875 0.2234375
0 0.528125 0.309375 0.55625 0.309375 0.55625 0.3328125 0.528125 0.3328125
0 0.6890625 0.2 0.7125 0.2 0.7125 0.2234375 0.6890625 0.2234375
0 0.6109375 0.2609375 0.66875 0.2609375 0.66875 0.2875 0.6109375 0.2875
0 0.7296875 0.271875 0.76875 0.271875 0.76875 0.3296875 0.7296875 0.3296875
0 0.74375 0.44375 0.7640625 0.44375 0.7640625 0.459375 0.74375 0.459375
0 0.6171875 0.4765625 0.640625 0.4765625 0.640625 0.49375 0.6171875 0.49375
0 0.59375 0.5484375 0.615625 0.5484375 0.615625 0.5640625 0.59375 0.5640625
0 0.3296875 0.5265625 0.3515625 0.5265625 0.3515625 0.5484375 0.3296875 0.5484375
0 0.5984375 0.4828125 0.6140625 0.4828125 0.6140625 0.496875 0.5984375 0.496875
0 0.465625 0.484375 0.490625 0.484375 0.490625 0.509375 0.465625 0.509375
0 0.3546875 0.5984375 0.3859375 0.5984375 0.3859375 0.6171875 0.3546875 0.6171875
0 0.3046875 0.5453125 0.3171875 0.5453125 0.3171875 0.5640625 0.3046875 0.5640625
0 0.3234375 0.590625 0.340625 0.590625 0.340625 0.603125 0.3234375 0.603125
0 0.5765625 0.6875 0.5953125 0.6875 0.5953125 0.70625 0.5765625 0.70625
0 0.6703125 0.5859375 0.69375 0.5859375 0.69375 0.603125 0.6703125 0.603125
0 0.6890625 0.621875 0.709375 0.621875 0.709375 0.6375 0.6890625 0.6375
0 0.6953125 0.6015625 0.721875 0.6015625 0.721875 0.6140625 0.6953125 0.6140625
0 0.7625 0.525 0.7765625 0.525 0.7765625 0.5421875 0.7625 0.5421875
0 0.534375 0.7171875 0.578125 0.7171875 0.578125 0.734375 0.534375 0.734375
0 0.475 0.7140625 0.503125 0.7140625 0.503125 0.73125 0.475 0.73125
0 0.36875 0.621875 0.3890625 0.621875 0.3890625 0.6359375 0.36875 0.6359375
0 0.6203125 0.6859375 0.6609375 0.6859375 0.6609375 0.703125 0.6203125 0.703125
0 0.5375 0.665625 0.5734375 0.665625 0.5734375 0.68125 0.5375 0.68125
0 0.5234375 0.690625 0.5421875 0.690625 0.5421875 0.715625 0.5234375 0.715625
0 0.5515625 0.3484375 0.5734375 0.3484375 0.5734375 0.3671875 0.5515625 0.3671875
0 0.578125 0.3265625 0.6015625 0.3265625 0.6015625 0.3375 0.578125 0.3375