0 0.3296875 0.484375 0.3703125 0.484375 0.3703125 0.5171875 0.3296875 0.5171875
0 0.284375 0.5234375 0.3546875 0.5234375 0.3546875 0.55625 0.284375 0.55625
0 0.4078125 0.4125 0.4734375 0.4125 0.4734375 0.48125 0.4078125 0.48125
0 0.3703125 0.2921875 0.409375 0.2921875 0.409375 0.3125 0.3703125 0.3125
0 0.4265625 0.3796875 0.4515625 0.3796875 0.4515625 0.403125 0.4265625 0.403125
0 0.4046875 0.328125 0.4296875 0.328125 0.4296875 0.3515625 0.4046875 0.3515625
0 0.4921875 0.41875 0.5484375 0.41875 0.5484375 0.475 0.4921875 0.475
0 0.475 0.371875 0.4953125 0.371875 0.4953125 0.384375 0.475 0.384375
0 0.490625 0.5421875 0.5234375 0.5421875 0.5234375 0.5671875 0.490625 0.5671875
0 0.515625 0.503125 0.565625 0.503125 0.565625 0.540625 0.515625 0.540625
0 0.3484375 0.5671875 0.371875 0.5671875 0.371875 0.578125 0.3484375 0.578125
0 0.1515625 0.2328125 0.184375 0.2328125 0.184375 0.246875 0.1515625 0.246875
0 0.1390625 0.253125 0.2 0.253125 0.2 0.2765625 0.1390625 0.2765625
0 0.3875 0.546875 0.4421875 0.546875 0.4421875 0.5828125 0.3875 0.5828125
0 0.371875 0.4984375 0.4 0.4984375 0.4 0.5171875 0.371875 0.5171875
0 0.284375 0.6546875 0.3078125 0.6546875 0.3078125 0.6671875 0.284375 0.6671875