0 0.3859375 0.496875 0.428125 0.496875 0.428125 0.525 0.3859375 0.525
0 0.3375 0.4734375 0.3859375 0.4734375 0.3859375 0.5015625 0.3375 0.5015625
0 0.30625 0.3453125 0.3578125 0.3453125 0.3578125 0.375 0.30625 0.375
0 0.334375 0.2984375 0.3875 0.2984375 0.3875 0.3171875 0.334375 0.3171875
0 0.4 0.3171875 0.4296875 0.3171875 0.4296875 0.3359375 0.4 0.3359375
0 0.4 0.4140625 0.4265625 0.4140625 0.4265625 0.4328125 0.4 0.4328125
0 0.36875 0.3671875 0.384375 0.3671875 0.384375 0.384375 0.36875 0.384375
0 0.5359375 0.39375 0.5671875 0.39375 0.5671875 0.4125 0.5359375 0.4125
0 0.4578125 0.4140625 0.5328125 0.4140625 0.5328125 0.465625 0.4578125 0.465625
0 0.5296875 0.43125 0.6046875 0.43125 0.6046875 0.453125 0.5296875 0.453125
0 0.54375 0.5015625 0.575 0.5015625 0.575 0.5265625 0.54375 0.5265625
0 0.434375 0.490625 0.5078125 0.490625 0.5078125 0.521875 0.434375 0.521875
0 0.5953125 0.6484375 0.634375 0.6484375 0.634375 0.6640625 0.5953125 0.6640625
0 0.521875 0.15 0.578125 0.15 0.578125 0.1984375 0.521875 0.1984375
0 0.70625 0.24375 0.7625 0.24375 0.7625 0.3171875 0.70625 0.3171875
0 0.5265625 0.4578125 0.60625 0.4578125 0.60625 0.4921875 0.5265625 0.4921875
0 0.7109375 0.3875 0.740625 0.3875 0.740625 0.4109375 0.7109375 0.4109375
0 0.75 0.4703125 0.76875 0.4703125 0.76875 0.490625 0.75 0.490625
0 0.3890625 0.1875 0.4265625 0.1875 0.4265625 0.209375 0.3890625 0.209375
0 0.6046875 0.1640625 0.6359375 0.1640625 0.6359375 0.1796875 0.6046875 0.1796875