0 0.4984375 0.275 0.5265625 0.275 0.5265625 0.309375 0.4984375 0.309375
0 0.45 0.31875 0.49375 0.31875 0.49375 0.340625 0.45 0.340625
0 0.4046875 0.3296875 0.4234375 0.3296875 0.4234375 0.3453125 0.4046875 0.3453125
0 0.353125 0.3625 0.3734375 0.3625 0.3734375 0.3875 0.353125 0.3875
0 0.4421875 0.371875 0.50625 0.371875 0.50625 0.3921875 0.4421875 0.3921875
0 0.63125 0.3390625 0.671875 0.3390625 0.671875 0.359375 0.63125 0.359375
0 0.6125 0.2765625 0.6296875 0.2765625 0.6296875 0.3125 0.6125 0.3125
0 0.7140625 0.3140625 0.7578125 0.3140625 0.7578125 0.3625 0.7140625 0.3625
0 0.7359375 0.5828125 0.759375 0.5828125 0.759375 0.5984375 0.7359375 0.5984375
0 0.753125 0.621875 0.7734375 0.621875 0.7734375 0.646875 0.753125 0.646875
0 0.7109375 0.6046875 0.721875 0.6046875 0.721875 0.6125 0.7109375 0.6125
0 0.7796875 0.4390625 0.7984375 0.4390625 0.7984375 0.459375 0.7796875 0.459375
0 0.7578125 0.3640625 0.7765625 0.3640625 0.7765625 0.384375 0.7578125 0.384375
0 0.459375 0.5421875 0.478125 0.5421875 0.478125 0.55625 0.459375 0.55625
0 0.4890625 0.578125 0.509375 0.578125 0.509375 0.5921875 0.4890625 0.5921875
4 0.33125 0.5671875 0.4234375 0.5671875 0.4234375 0.6734375 0.33125 0.6734375
4 0.7015625 0.6109375 0.7671875 0.6109375 0.7671875 0.646875 0.7015625 0.646875
5 0.615625 0.5015625 0.7578125 0.5015625 0.7578125 0.5625 0.615625 0.5625
5 0.353125 0.49375 0.5078125 0.49375 0.5078125 0.5546875 0.353125 0.5546875
0 0.384375 0.2984375 0.4109375 0.2984375 0.4109375 0.31875 0.384375 0.31875
0 0.534375 0.353125 0.5640625 0.353125 0.5640625 0.36875 0.534375 0.36875