9 0.33316708125005334 0.25376558593754767 0.3286347784642203 0.24584461179279743 0.4039466070053095 0.20275255659002026 0.4084789100875241 0.21067350685297662
9 0.6014962122181942 0.31521194780667583 0.6081139760940459 0.3183703092942918 0.5828534443556919 0.3712972361090354 0.576235686648829 0.36813888431411035
9 0.6354114730277161 0.36428927668600386 0.6298888212344309 0.36369758532175606 0.634650833580622 0.3192523226752441 0.6401734599368183 0.3198440126664761
9 0.5602015314278788 0.31919375909714953 0.5597599782749967 0.32375657072393077 0.4716052674779121 0.31522572872051186 0.47204683796701374 0.3106629367828572
9 0.55919395468743 0.29702770781249554 0.5628117180923482 0.28853734782693086 0.6091592627064983 0.3082855722578466 0.6055415225381466 0.3167759125350823
9 0.6478589421874403 0.3220151140624607 0.6471703722677375 0.31434032495480085 0.7010746473952167 0.3095042049048826 0.7017632352670944 0.31717897403783196
9 0.7214105796875856 0.323224181249967 0.7372134694796841 0.3056837212114531 0.793132655966474 0.3560617738266818 0.777329836991612 0.37360216551089886
9 0.37329974843748914 0.32523929375001254 0.36811238953885095 0.30279379746928 0.5113584076533471 0.26968890947722146 0.5165458687446289 0.2921342516028061
9 0.36221662343746175 0.30226700312494925 0.3670412312858389 0.24283458799046234 0.7892056489239394 0.27710057752883127 0.7843822217739671 0.3365319398743812
9 0.3682619640624125 0.25188916874999007 0.3797613865367566 0.18980578090057662 0.8084742036684247 0.2692095789215444 0.7969759711746747 0.33129197095639534
9 0.3720149265625423 0.305970148437551 0.3684432571569687 0.2969360524874225 0.4326224164158248 0.2715631145926731 0.43619409657787855 0.2805971832522969