5 0.2796875 0.44375 0.6171875 0.44375 0.6171875 0.56875 0.2796875 0.56875
5 0.7625 0.4796875 0.9390625 0.4796875 0.9390625 0.6046875 0.7625 0.6046875
0 0.6234375 0.175 0.6671875 0.175 0.6671875 0.203125 0.6234375 0.203125
0 0.7015625 0.378125 0.7484375 0.378125 0.7484375 0.4140625 0.7015625 0.4140625
0 0.4609375 0.190625 0.553125 0.190625 0.553125 0.2234375 0.4609375 0.2234375
0 0.384375 0.1125 0.4203125 0.1125 0.4203125 0.1375 0.384375 0.1375
0 0.35625 0.1921875 0.40625 0.1921875 0.40625 0.215625 0.35625 0.215625
0 0.5265625 0.2484375 0.6640625 0.2484375 0.6640625 0.28125 0.5265625 0.28125
0 0.3140625 0.6515625 0.36875 0.6515625 0.36875 0.684375 0.3140625 0.684375
0 0.2640625 0.70625 0.3 0.70625 0.3 0.7328125 0.2640625 0.7328125
0 0.1765625 0.653125 0.221875 0.653125 0.221875 0.6953125 0.1765625 0.6953125
0 0.2515625 0.75 0.28125 0.75 0.28125 0.7921875 0.2515625 0.7921875
0 0.5796875 0.7078125 0.634375 0.7078125 0.634375 0.7515625 0.5796875 0.7515625
9 0.8125 0.6859375 0.8734375 0.6859375 0.8734375 0.790625 0.8125 0.790625
0 0.6546875 0.5703125 0.7359375 0.5703125 0.7359375 0.590625 0.6546875 0.590625
0 0.80625 0.2859375 0.840625 0.2859375 0.840625 0.309375 0.80625 0.309375
0 0.703125 0.075 0.7421875 0.075 0.7421875 0.096875 0.703125 0.096875