5 0.321875 0.453125 0.621875 0.453125 0.621875 0.575 0.321875 0.575
5 0.046875 0.4921875 0.1796875 0.4921875 0.1796875 0.6 0.046875 0.6
9 0.4125 0.6640625 0.534375 0.6640625 0.534375 0.7921875 0.4125 0.7921875
0 0.1578125 0.221875 0.2421875 0.221875 0.2421875 0.2828125 0.1578125 0.2828125
0 0.1765625 0.290625 0.2171875 0.290625 0.2171875 0.3265625 0.1765625 0.3265625
0 0.09375 0.3 0.1390625 0.3 0.1390625 0.34375 0.09375 0.34375
0 0.065625 0.1484375 0.1046875 0.1484375 0.1046875 0.165625 0.065625 0.165625
0 0.1015625 0.1578125 0.15 0.1578125 0.15 0.1796875 0.1015625 0.1796875
0 0.215625 0.14375 0.25625 0.14375 0.25625 0.1609375 0.215625 0.1609375
0 0.70625 0.465625 0.7359375 0.465625 0.7359375 0.5234375 0.70625 0.5234375
0 0.765625 0.371875 0.784375 0.371875 0.784375 0.396875 0.765625 0.396875
0 0.5703125 0.55 0.640625 0.55 0.640625 0.671875 0.5703125 0.671875
0 0.6953125 0.5890625 0.73125 0.5890625 0.73125 0.634375 0.6953125 0.634375
0 0.6234375 0.7546875 0.6578125 0.7546875 0.6578125 0.796875 0.6234375 0.796875
0 0.609375 0.690625 0.6421875 0.690625 0.6421875 0.7296875 0.609375 0.7296875
0 0.734375 0.6828125 0.7734375 0.6828125 0.7734375 0.7203125 0.734375 0.7203125
0 0.484375 0.6265625 0.5171875 0.6265625 0.5171875 0.6515625 0.484375 0.6515625
0 0.0421875 0.6 0.075 0.6 0.075 0.615625 0.0421875 0.615625
0 0.1609375 0.578125 0.2296875 0.578125 0.2296875 0.6078125 0.1609375 0.6078125
0 0.178125 0.384375 0.2125 0.384375 0.2125 0.409375 0.178125 0.409375
0 0.3078125 0.246875 0.371875 0.246875 0.371875 0.2734375 0.3078125 0.2734375
0 0.428125 0.2203125 0.4640625 0.2203125 0.4640625 0.2453125 0.428125 0.2453125
0 0.3296875 0.203125 0.3796875 0.203125 0.3796875 0.23125 0.3296875 0.23125
0 0.0359375 0.309375 0.059375 0.309375 0.059375 0.325 0.0359375 0.325
0 0.0296875 0.340625 0.0453125 0.340625 0.0453125 0.3578125 0.0296875 0.3578125
0 0.5390625 0.878125 0.5921875 0.878125 0.5921875 0.9140625 0.5390625 0.9140625
0 0.1984375 0.18125 0.2390625 0.18125 0.2390625 0.2171875 0.1984375 0.2171875