5 0.553125 0.5140625 0.7109375 0.5140625 0.7109375 0.5640625 0.553125 0.5640625
5 0.3109375 0.5140625 0.44375 0.5140625 0.44375 0.559375 0.3109375 0.559375
9 0.525 0.3484375 0.6515625 0.3484375 0.6515625 0.36875 0.525 0.36875
0 0.590625 0.340625 0.6203125 0.340625 0.6203125 0.359375 0.590625 0.359375
0 0.5921875 0.359375 0.634375 0.359375 0.634375 0.3796875 0.5921875 0.3796875
0 0.40625 0.4046875 0.4453125 0.4046875 0.4453125 0.425 0.40625 0.425
0 0.459375 0.3546875 0.496875 0.3546875 0.496875 0.3765625 0.459375 0.3765625
0 0.33125 0.3625 0.3703125 0.3625 0.3703125 0.4078125 0.33125 0.4078125
0 0.3265625 0.6296875 0.353125 0.6296875 0.353125 0.6515625 0.3265625 0.6515625
0 0.340625 0.6046875 0.36875 0.6046875 0.36875 0.621875 0.340625 0.621875
0 0.2984375 0.6671875 0.3234375 0.6671875 0.3234375 0.6921875 0.2984375 0.6921875
0 0.3140625 0.56875 0.3375 0.56875 0.3375 0.5984375 0.3140625 0.5984375
4 0.3015625 0.58125 0.3734375 0.58125 0.3734375 0.6578125 0.3015625 0.6578125
0 0.6078125 0.659375 0.628125 0.659375 0.628125 0.6765625 0.6078125 0.6765625
0 0.525 0.7578125 0.546875 0.7578125 0.546875 0.76875 0.525 0.76875
0 0.4015625 0.7953125 0.41875 0.7953125 0.41875 0.83125 0.4015625 0.83125
0 0.521875 0.8453125 0.5609375 0.8453125 0.5609375 0.859375 0.521875 0.859375
0 0.828125 0.56875 0.853125 0.56875 0.853125 0.5984375 0.828125 0.5984375
0 0.7890625 0.58125 0.803125 0.58125 0.803125 0.5953125 0.7890625 0.5953125
0 0.771875 0.6015625 0.80625 0.6015625 0.80625 0.6234375 0.771875 0.6234375
0 0.7265625 0.6078125 0.7828125 0.6078125 0.7828125 0.628125 0.7265625 0.628125
0 0.725 0.6296875 0.7609375 0.6296875 0.7609375 0.665625 0.725 0.665625
0 0.7328125 0.6765625 0.7828125 0.6765625 0.7828125 0.7046875 0.7328125 0.7046875
0 0.715625 0.6703125 0.734375 0.6703125 0.734375 0.690625 0.715625 0.690625
0 0.68125 0.596875 0.7265625 0.596875 0.7265625 0.621875 0.68125 0.621875
0 0.653125 0.60625 0.6765625 0.60625 0.6765625 0.6203125 0.653125 0.6203125
0 0.6609375 0.6546875 0.6890625 0.6546875 0.6890625 0.671875 0.6609375 0.671875
4 0.6453125 0.615625 0.7828125 0.615625 0.7828125 0.65625 0.6453125 0.65625
9 0.546875 0.5921875 0.58125 0.5921875 0.58125 0.6328125 0.546875 0.6328125