9 0.61875 0.40625 0.765625 0.40625 0.765625 0.428125 0.61875 0.428125
0 0.446875 0.40625 0.4765625 0.40625 0.4765625 0.43125 0.446875 0.43125
0 0.6234375 0.4875 0.6625 0.4875 0.6625 0.5078125 0.6234375 0.5078125
0 0.621875 0.4125 0.6484375 0.4125 0.6484375 0.4296875 0.621875 0.4296875
0 0.3546875 0.6625 0.3953125 0.6625 0.3953125 0.6921875 0.3546875 0.6921875
0 0.3265625 0.6375 0.35 0.6375 0.35 0.65 0.3265625 0.65
0 0.3640625 0.625 0.38125 0.625 0.38125 0.634375 0.3640625 0.634375
0 0.2796875 0.65625 0.3234375 0.65625 0.3234375 0.6796875 0.2796875 0.6796875
0 0.4578125 0.703125 0.4921875 0.703125 0.4921875 0.71875 0.4578125 0.71875
0 0.44375 0.6671875 0.5015625 0.6671875 0.5015625 0.68125 0.44375 0.68125
0 0.43125 0.7375 0.459375 0.7375 0.459375 0.75625 0.43125 0.75625
0 0.378125 0.746875 0.4046875 0.746875 0.4046875 0.7640625 0.378125 0.7640625
0 0.296875 0.6921875 0.3578125 0.6921875 0.3578125 0.71875 0.296875 0.71875
0 0.7484375 0.703125 0.7734375 0.703125 0.7734375 0.7171875 0.7484375 0.7171875
4 0.7578125 0.6390625 0.83125 0.6390625 0.83125 0.7203125 0.7578125 0.7203125
4 0.2890625 0.63125 0.4609375 0.63125 0.4609375 0.7703125 0.2890625 0.7703125
0 0.509375 0.8734375 0.5328125 0.8734375 0.5328125 0.896875 0.509375 0.896875
0 0.6765625 0.8953125 0.703125 0.8953125 0.703125 0.928125 0.6765625 0.928125
0 0.55625 0.8921875 0.578125 0.8921875 0.578125 0.9125 0.55625 0.9125
0 0.3171875 0.5609375 0.3484375 0.5609375 0.3484375 0.5734375 0.3171875 0.5734375
0 0.4484375 0.4421875 0.490625 0.4421875 0.490625 0.45625 0.4484375 0.45625
0 0.5671875 0.41875 0.5984375 0.41875 0.5984375 0.4375 0.5671875 0.4375
0 0.4921875 0.403125 0.5296875 0.403125 0.5296875 0.41875 0.4921875 0.41875
0 0.6015625 0.4796875 0.625 0.4796875 0.625 0.496875 0.6015625 0.496875
0 0.45625 0.3796875 0.471875 0.3796875 0.471875 0.3953125 0.45625 0.3953125