9 0.4671875 0.44375 0.584375 0.44375 0.584375 0.4515625 0.4671875 0.4515625
9 0.359375 0.690625 0.4359375 0.690625 0.4359375 0.75625 0.359375 0.75625
0 0.325 0.6359375 0.3625 0.6359375 0.3625 0.6546875 0.325 0.6546875
0 0.36875 0.6984375 0.3984375 0.6984375 0.3984375 0.7359375 0.36875 0.7359375
0 0.334375 0.7375 0.3515625 0.7375 0.3515625 0.753125 0.334375 0.753125
0 0.3109375 0.6734375 0.340625 0.6734375 0.340625 0.7171875 0.3109375 0.7171875
0 0.3375 0.6625 0.3625 0.6625 0.3625 0.68125 0.3375 0.68125
0 0.55625 0.7125 0.5859375 0.7125 0.5859375 0.7265625 0.55625 0.7265625
0 0.3203125 0.746875 0.33125 0.746875 0.33125 0.7625 0.3203125 0.7625
0 0.44375 0.821875 0.5046875 0.821875 0.5046875 0.846875 0.44375 0.846875
0 0.39375 0.8015625 0.4390625 0.8015625 0.4390625 0.8453125 0.39375 0.8453125
0 0.425 0.8484375 0.4625 0.8484375 0.4625 0.86875 0.425 0.86875
0 0.371875 0.825 0.390625 0.825 0.390625 0.8546875 0.371875 0.8546875
0 0.39375 0.853125 0.428125 0.853125 0.428125 0.884375 0.39375 0.884375
0 0.56875 0.884375 0.6109375 0.884375 0.6109375 0.90625 0.56875 0.90625
0 0.4921875 0.884375 0.51875 0.884375 0.51875 0.9015625 0.4921875 0.9015625
0 0.428125 0.875 0.4640625 0.875 0.4640625 0.9 0.428125 0.9
0 0.6 0.7953125 0.68125 0.7953125 0.68125 0.85625 0.6 0.85625
0 0.546875 0.8203125 0.56875 0.8203125 0.56875 0.834375 0.546875 0.834375
0 0.6796875 0.6234375 0.7296875 0.6234375 0.7296875 0.6421875 0.6796875 0.6421875
0 0.7140625 0.659375 0.7390625 0.659375 0.7390625 0.6859375 0.7140625 0.6859375
1 0.5234375 0.603125 0.55625 0.603125 0.55625 0.6453125 0.5234375 0.6453125
1 0.3609375 0.6375 0.4390625 0.6375 0.4390625 0.6890625 0.3609375 0.6890625
1 0.634375 0.653125 0.696875 0.653125 0.696875 0.696875 0.634375 0.696875
0 0.6890625 0.640625 0.74375 0.640625 0.74375 0.6546875 0.6890625 0.6546875
0 0.5203125 0.4796875 0.5390625 0.4796875 0.5390625 0.4921875 0.5203125 0.4921875
0 0.5484375 0.453125 0.56875 0.453125 0.56875 0.4765625 0.5484375 0.4765625
0 0.5453125 0.4796875 0.571875 0.4796875 0.571875 0.4984375 0.5453125 0.4984375
0 0.4875 0.503125 0.5125 0.503125 0.5125 0.5234375 0.4875 0.5234375
0 0.45625 0.4625 0.4859375 0.4625 0.4859375 0.4875 0.45625 0.4875
0 0.7671875 0.6234375 0.79375 0.6234375 0.79375 0.6546875 0.7671875 0.6546875
0 0.753125 0.6609375 0.778125 0.6609375 0.778125 0.6921875 0.753125 0.6921875
0 0.66875 0.7078125 0.7171875 0.7078125 0.7171875 0.7234375 0.66875 0.7234375
0 0.690625 0.675 0.728125 0.675 0.728125 0.7 0.690625 0.7
0 0.7171875 0.71875 0.7515625 0.71875 0.7515625 0.7578125 0.7171875 0.7578125
0 0.740625 0.775 0.7625 0.775 0.7625 0.79375 0.740625 0.79375
0 0.7015625 0.7625 0.740625 0.7625 0.740625 0.790625 0.7015625 0.790625
0 0.6859375 0.8390625 0.703125 0.8390625 0.703125 0.85625 0.6859375 0.85625
0 0.6546875 0.85625 0.6765625 0.85625 0.6765625 0.8796875 0.6546875 0.8796875
0 0.4703125 0.8640625 0.490625 0.8640625 0.490625 0.878125 0.4703125 0.878125
0 0.5 0.8578125 0.51875 0.8578125 0.51875 0.8734375 0.5 0.8734375
0 0.5625 0.83125 0.6015625 0.83125 0.6015625 0.85625 0.5625 0.85625
0 0.6640625 0.740625 0.6890625 0.740625 0.6890625 0.7625 0.6640625 0.7625
0 0.5765625 0.60625 0.603125 0.60625 0.603125 0.6359375 0.5765625 0.6359375
0 0.2953125 0.609375 0.325 0.609375 0.325 0.65 0.2953125 0.65
0 0.2875 0.6546875 0.3421875 0.6546875 0.3421875 0.66875 0.2875 0.66875
0 0.425 0.4703125 0.446875 0.4703125 0.446875 0.4859375 0.425 0.4859375
1 0.5140625 0.5125 0.5609375 0.5125 0.5609375 0.55 0.5140625 0.55