4 0.5953125 0.5765625 0.6390625 0.5765625 0.6390625 0.6140625 0.5953125 0.6140625
4 0.3984375 0.6984375 0.4875 0.6984375 0.4875 0.7578125 0.3984375 0.7578125
4 0.7 0.721875 0.75625 0.721875 0.75625 0.7578125 0.7 0.7578125
4 0.621875 0.659375 0.665625 0.659375 0.665625 0.7078125 0.621875 0.7078125
0 0.371875 0.6921875 0.4109375 0.6921875 0.4109375 0.7328125 0.371875 0.7328125
0 0.7265625 0.6953125 0.7625 0.6953125 0.7625 0.715625 0.7265625 0.715625
0 0.6421875 0.7703125 0.6796875 0.7703125 0.6796875 0.790625 0.6421875 0.790625
0 0.709375 0.7671875 0.7609375 0.7671875 0.7609375 0.7890625 0.709375 0.7890625
0 0.403125 0.7296875 0.4296875 0.7296875 0.4296875 0.746875 0.403125 0.746875
0 0.4109375 0.7046875 0.425 0.7046875 0.425 0.721875 0.4109375 0.721875
0 0.3203125 0.665625 0.3359375 0.665625 0.3359375 0.6890625 0.3203125 0.6890625
0 0.3234375 0.6875 0.371875 0.6875 0.371875 0.715625 0.3234375 0.715625
0 0.2953125 0.6953125 0.3234375 0.6953125 0.3234375 0.7296875 0.2953125 0.7296875
0 0.3359375 0.7140625 0.371875 0.7140625 0.371875 0.7375 0.3359375 0.7375
0 0.3515625 0.734375 0.3921875 0.734375 0.3921875 0.7859375 0.3515625 0.7859375
0 0.3953125 0.8015625 0.41875 0.8015625 0.41875 0.825 0.3953125 0.825
0 0.4171875 0.7640625 0.4765625 0.7640625 0.4765625 0.7953125 0.4171875 0.7953125
0 0.390625 0.740625 0.4609375 0.740625 0.4609375 0.771875 0.390625 0.771875
0 0.3296875 0.809375 0.3625 0.809375 0.3625 0.834375 0.3296875 0.834375
0 0.3375 0.5609375 0.3609375 0.5609375 0.3609375 0.5828125 0.3375 0.5828125
0 0.31875 0.5734375 0.3328125 0.5734375 0.3328125 0.5859375 0.31875 0.5859375
0 0.3046875 0.5984375 0.3234375 0.5984375 0.3234375 0.6140625 0.3046875 0.6140625
0 0.5 0.5015625 0.51875 0.5015625 0.51875 0.51875 0.5 0.51875
0 0.6078125 0.546875 0.6265625 0.546875 0.6265625 0.559375 0.6078125 0.559375
0 0.575 0.571875 0.6 0.571875 0.6 0.5890625 0.575 0.5890625
0 0.621875 0.5078125 0.65625 0.5078125 0.65625 0.5453125 0.621875 0.5453125
0 0.4515625 0.8703125 0.55625 0.8703125 0.55625 0.9140625 0.4515625 0.9140625
0 0.446875 0.9140625 0.546875 0.9140625 0.546875 0.96875 0.446875 0.96875
0 0.6453125 0.9359375 0.68125 0.9359375 0.68125 0.965625 0.6453125 0.965625
0 0.5625 0.9203125 0.6171875 0.9203125 0.6171875 0.965625 0.5625 0.965625
0 0.56875 0.8703125 0.7265625 0.8703125 0.7265625 0.91875 0.56875 0.91875
0 0.3765625 0.8296875 0.4109375 0.8296875 0.4109375 0.859375 0.3765625 0.859375
0 0.425 0.8015625 0.4671875 0.8015625 0.4671875 0.825 0.425 0.825
0 0.3328125 0.8546875 0.3796875 0.8546875 0.3796875 0.890625 0.3328125 0.890625
0 0.2921875 0.7859375 0.3234375 0.7859375 0.3234375 0.8328125 0.2921875 0.8328125
0 0.3875 0.8921875 0.440625 0.8921875 0.440625 0.909375 0.3875 0.909375
0 0.275 0.6328125 0.296875 0.6328125 0.296875 0.65 0.275 0.65
0 0.525 0.7703125 0.546875 0.7703125 0.546875 0.7828125 0.525 0.7828125
0 0.4390625 0.703125 0.4578125 0.703125 0.4578125 0.7171875 0.4390625 0.7171875
9 0.53125 0.5046875 0.6671875 0.5046875 0.6671875 0.528125 0.53125 0.528125