9 0.539037037499952 0.27995358281253907 0.5433951447241725 0.25707835552447955 0.7159873032547921 0.28995860165627035 0.711629392878308 0.3128336586568209
9 0.2968148140624862 0.27801953437497223 0.29773903562045234 0.2432349787777628 0.698479027375015 0.25387936101434727 0.6975553820650475 0.288663362913695
9 0.4653761531405962 0.24782118476919424 0.46418454190563807 0.23157205823575408 0.6602380119506961 0.21719415772490497 0.6614297278732693 0.23344317814609522
9 0.2768148140625044 0.2770525093750464 0.2720031029718939 0.24938259579169433 0.4749661675007246 0.2140879483221916 0.4797780442288513 0.24175764579869752
9 0.2738518515625401 0.2727008999999854 0.26465942034258205 0.26032923982817224 0.3342891810233368 0.20859362535934245 0.3434815957983801 0.22096524478989923
9 0.2649629625000216 0.2727008999999859 0.25298553872789853 0.2596470951792612 0.331504269662787 0.18760400864793636 0.34348165233370764 0.20065776302093816
9 0.2568148140625226 0.260129581250016 0.24709336616695055 0.24969353580804174 0.31820465571684053 0.1834525542604573 0.32792607387636963 0.1938885643923822
9 0.34199954365317353 0.21555091433425913 0.34208243272234995 0.20711071712775136 0.48704607792808474 0.20853404587992913 0.48696322882892673 0.2169742031001045
9 0.25544554374994277 0.23339894687501483 0.24964899456279 0.2192310831590069 0.3678952581417434 0.1708529817295167 0.373691827927928 0.18502079061656784
9 0.3035360687499633 0.2762379937499951 0.3033282518009628 0.26354102771961435 0.4611782563364386 0.26095699010089957 0.4613861538216497 0.27365387493791016
9 0.35139860156255054 0.590890832812499 0.33612149123860036 0.5830783864415039 0.415493260644098 0.42788161753830467 0.4307700260545744 0.435693957251544
9 0.3885521240881644 0.5602308050553632 0.3912545844931401 0.5634152101192754 0.3561989514389552 0.5931623000233741 0.35349650468742766 0.5899779078124672
9 0.5930069937500093 0.45532144062498425 0.5968602431281624 0.45305114045540495 0.6170212167833142 0.4872669199984685 0.6131679722268473 0.4895372136947421
9 0.6555944598168253 0.542505740255233 0.6515320567427807 0.5467996730297874 0.6274061382068794 0.5239765884181071 0.6314685312499932 0.5196826671874665
9 0.5419580703478459 0.3122204009637178 0.5356330087804508 0.3158644060953062 0.5202483790865244 0.28916135467601556 0.5265734265625497 0.28551735468750006