5 0.3484375 0.4171875 0.46875 0.4171875 0.46875 0.446875 0.3484375 0.446875
5 0.546875 0.4203125 0.653125 0.4203125 0.653125 0.446875 0.546875 0.446875
9 0.39375 0.503125 0.43125 0.503125 0.43125 0.5453125 0.39375 0.5453125
9 0.365625 0.4515625 0.434375 0.4515625 0.434375 0.478125 0.365625 0.478125
9 0.590625 0.4609375 0.65625 0.4609375 0.65625 0.48125 0.590625 0.48125
0 0.46875 0.321875 0.4859375 0.321875 0.4859375 0.334375 0.46875 0.334375
0 0.434375 0.3078125 0.45625 0.3078125 0.45625 0.3171875 0.434375 0.3171875
9 0.4546875 0.2921875 0.61875 0.2921875 0.61875 0.315625 0.4546875 0.315625
0 0.4140625 0.3109375 0.4296875 0.3109375 0.4296875 0.3203125 0.4140625 0.3203125
0 0.5703125 0.3171875 0.5890625 0.3171875 0.5890625 0.3328125 0.5703125 0.3328125
0 0.6015625 0.3171875 0.61875 0.3171875 0.61875 0.328125 0.6015625 0.328125
0 0.43125 0.2875 0.446875 0.2875 0.446875 0.2984375 0.43125 0.2984375
4 0.590625 0.475 0.6390625 0.475 0.6390625 0.5140625 0.590625 0.5140625