9 0.54375 0.428125 0.6515625 0.428125 0.6515625 0.4609375 0.54375 0.4609375
9 0.3515625 0.4359375 0.4125 0.4359375 0.4125 0.4625 0.3515625 0.4625
9 0.5515625 0.4953125 0.5953125 0.4953125 0.5953125 0.5375 0.5515625 0.5375
9 0.415625 0.2703125 0.6453125 0.2703125 0.6453125 0.2890625 0.415625 0.2890625
0 0.4171875 0.3015625 0.4375 0.3015625 0.4375 0.3140625 0.4171875 0.3140625
0 0.6109375 0.2359375 0.6296875 0.2359375 0.6296875 0.2453125 0.6109375 0.2453125
0 0.4015625 0.2671875 0.4140625 0.2671875 0.4140625 0.2765625 0.4015625 0.2765625
0 0.3921875 0.2875 0.4125 0.2875 0.4125 0.3 0.3921875 0.3
0 0.49375 0.3 0.5046875 0.3 0.5046875 0.309375 0.49375 0.309375
0 0.5734375 0.25 0.5859375 0.25 0.5859375 0.2609375 0.5734375 0.2609375
5 0.359375 0.3984375 0.4421875 0.3984375 0.4421875 0.4296875 0.359375 0.4296875
5 0.5234375 0.3953125 0.653125 0.3953125 0.653125 0.4234375 0.5234375 0.4234375