0 0.54375 0.575 0.5703125 0.575 0.5703125 0.590625 0.54375 0.590625
0 0.334375 0.578125 0.3484375 0.578125 0.3484375 0.59375 0.334375 0.59375
0 0.38125 0.6859375 0.4 0.6859375 0.4 0.69375 0.38125 0.69375
0 0.3109375 0.615625 0.3265625 0.615625 0.3265625 0.625 0.3109375 0.625
0 0.325 0.6015625 0.3359375 0.6015625 0.3359375 0.609375 0.325 0.609375
0 0.3328125 0.54375 0.3453125 0.54375 0.3453125 0.553125 0.3328125 0.553125
0 0.259375 0.384375 0.278125 0.384375 0.278125 0.39375 0.259375 0.39375
0 0.2171875 0.3984375 0.25625 0.3984375 0.25625 0.425 0.2171875 0.425
0 0.1953125 0.5125 0.209375 0.5125 0.209375 0.5234375 0.1953125 0.5234375
0 0.159375 0.6046875 0.171875 0.6046875 0.171875 0.615625 0.159375 0.615625
0 0.2609375 0.59375 0.2828125 0.59375 0.2828125 0.60625 0.2609375 0.60625
0 0.4875 0.6046875 0.503125 0.6046875 0.503125 0.6171875 0.4875 0.6171875
0 0.3875 0.628125 0.4125 0.628125 0.4125 0.64375 0.3875 0.64375
0 0.490625 0.4015625 0.5203125 0.4015625 0.5203125 0.4140625 0.490625 0.4140625