9 0.1553590500000155 0.08450731406255078 0.15453051625831904 0.07565633158113673 0.23067252819851092 0.06852871526826634 0.23150106901107392 0.07737969005094694
9 0.37731750916691453 0.09507059501341861 0.3771853452645928 0.10806068585758141 0.23124545303085142 0.10657565523331672 0.2313776455940797 0.09358559008155727
9 0.1869741344319209 0.17934159673206404 0.18675227653329785 0.1624726306039003 0.3147810571597347 0.16078863756420134 0.31500297047193726 0.17765754807785628
9 0.3523917962725136 0.26216471255760215 0.34382674267521907 0.2637028914156678 0.32364865652527897 0.1513465905164988 0.3322136499999715 0.1498084171875088
9 0.24483653908532688 0.11714165367909529 0.24382738973247342 0.12566497106664665 0.16756762504110156 0.11663589358728009 0.16857678440635482 0.10811258760938022
9 0.31322256146870586 0.27368845624999993 0.30610088255605206 0.27368845624999993 0.3061009077310928 0.1987842453125 0.313222547912801 0.1987842453125
9 0.35832642249897617 0.3063389515879895 0.35708203304977815 0.31181821772512086 0.32325411997305764 0.3041357824299087 0.32449851562500953 0.29865652500005047
9 0.31084865926209204 0.1507687223740317 0.31084866644050635 0.1421259252622411 0.34586350197957927 0.14212594448642932 0.34586350156246226 0.150768734819445
9 0.1612937687500562 0.04033303593752876 0.15940712547785552 0.011811542172965329 0.43847175985058584 -0.0066481976389570875 0.4403584238059466 0.02187327988309507
9 0.3895135666156193 0.15938871565458695 0.3885721341085855 0.16462495001707936 0.35636310863321796 0.15883405887355803 0.3573045443462206 0.15359782866570756
9 0.2039851265624293 0.7105226499999819 0.1796278208868216 0.7014097978360456 0.25118690294243606 0.5101676401683521 0.2755433596519197 0.5192803149740505
9 0.2513592539817182 0.575332544464957 0.2556990982766365 0.5766895463350542 0.22372106894340504 0.6789470412496414 0.21938123080758487 0.6775900532570227
9 0.39057516406251125 0.5118768124999892 0.40896090799026297 0.5028765089382117 0.4886982691053845 0.665747090812256 0.4703126201629857 0.6747472478550764
9 0.43292386644691305 0.5944064195931975 0.4365704573832545 0.5934049534006328 0.4615418920528782 0.6843212490559165 0.457895304747467 0.6853227060331606