0 0.35 0.3171875 0.38125 0.3171875 0.38125 0.340625 0.35 0.340625
0 0.3625 0.271875 0.4015625 0.271875 0.4015625 0.29375 0.3625 0.29375
0 0.55625 0.35 0.58125 0.35 0.58125 0.378125 0.55625 0.378125
0 0.5171875 0.315625 0.5484375 0.315625 0.5484375 0.334375 0.5171875 0.334375
0 0.528125 0.2859375 0.621875 0.2859375 0.621875 0.3265625 0.528125 0.3265625
0 0.621875 0.28125 0.7015625 0.28125 0.7015625 0.3078125 0.621875 0.3078125
0 0.48125 0.3640625 0.5203125 0.3640625 0.5203125 0.3859375 0.48125 0.3859375
0 0.4203125 0.359375 0.4828125 0.359375 0.4828125 0.3953125 0.4203125 0.3953125
0 0.5015625 0.3953125 0.5640625 0.3953125 0.5640625 0.4265625 0.5015625 0.4265625
0 0.515625 0.4234375 0.5484375 0.4234375 0.5484375 0.4421875 0.515625 0.4421875
0 0.3015625 0.6578125 0.3375 0.6578125 0.3375 0.684375 0.3015625 0.684375
0 0.21875 0.565625 0.265625 0.565625 0.265625 0.6 0.21875 0.6
0 0.734375 0.675 0.7546875 0.675 0.7546875 0.6953125 0.734375 0.6953125
0 0.6109375 0.8890625 0.6484375 0.8890625 0.6484375 0.9125 0.6109375 0.9125
0 0.31875 0.8109375 0.35 0.8109375 0.35 0.8296875 0.31875 0.8296875
0 0.59375 0.9328125 0.6203125 0.9328125 0.6203125 0.953125 0.59375 0.953125
0 0.45625 0.2328125 0.4765625 0.2328125 0.4765625 0.2515625 0.45625 0.2515625
0 0.45 0.3015625 0.4765625 0.3015625 0.4765625 0.315625 0.45 0.315625
0 0.8015625 0.3625 0.81875 0.3625 0.81875 0.38125 0.8015625 0.38125