9 0.1190017080364214 0.8218019535053132 0.10916790327155468 0.8074746004392767 0.20515348687570167 0.7416054630635953 0.21498724218383813 0.7559326177279151
9 0.19689418233224387 0.5181098006647424 0.21607555004959522 0.525628497295181 0.1901229931419266 0.5918314374860862 0.1709416500000316 0.5843127859374961
9 0.08154908749997958 0.5814343968749912 0.06690190416679798 0.5645506375980275 0.1570157497603759 0.4863808412911226 0.17166282475989192 0.5032644397308204
9 0.041178251562541845 0.6342048437499962 0.025426280723991113 0.6293319094032609 0.05666236517447487 0.5283712115201961 0.07241406346599888 0.533244100819324
9 0.036852803125043465 0.5372991125000085 0.027911670371281616 0.5231688544243639 0.11586276535865636 0.4675206561031955 0.12480388340554782 0.48165080099182567
9 0.011638187599601224 0.526657120587376 0.00012846826086843066 0.5086414683592033 0.09310863705661632 0.4492431424690609 0.10461833501517503 0.4672586459799997
9 0.006097262949651849 0.4906475406497808 -0.00011144971733756392 0.4748591055726016 0.07468372227845066 0.4454481239837024 0.08089247107886877 0.4612364696866365
9 0.2368487819156826 0.7939862840104276 0.25849540037847873 0.8116023006833325 0.20268079927711824 0.8801727857257879 0.18103436093747405 0.8625569671875112
9 0.790998445305263 0.7325964278593119 0.8058188857808091 0.7164721256002108 0.9016914707239039 0.8045764005684269 0.8868712844217725 0.8207004566149995
9 0.8514789498319715 0.8510430030164563 0.8380905524986701 0.8659108106924086 0.7653508691403204 0.8004223828544106 0.778739128675852 0.7855547571034607
9 0.8788730765625132 0.5219477093749925 0.8996907655825908 0.501547724537596 0.9861988761858811 0.589819104531769 0.9653813993407994 0.6102188758863739
9 0.9488673393427689 0.49302545947144366 0.9397231545070781 0.5124910405623769 0.8666331584882982 0.4781584091775617 0.875777370478545 0.4586929444055994
9 0.08587453593747796 0.20916286875004556 0.08159781535084676 0.12273539506481769 0.8760376139302934 0.08341687797890394 0.8803157844241696 0.16984295399610014
9 0.28940319062508024 0.1616161593749534 0.28946173101417116 0.14335375685831747 0.69481384355106 0.14465129635499513 0.6947554760645289 0.16291352593534691
9 0.04475159531250483 0.3600713015624981 0.012780727775520973 0.30729551181779297 0.27172017337773013 0.1504359895427824 0.30369097751622576 0.2032111345036165
9 0.4108287706013698 0.3608270547044338 0.4115565480891519 0.344790151730889 0.590819788551471 0.3529241536800848 0.5900921739948899 0.36896090338939663
9 0.552501398077311 0.3659244649058472 0.5532570196455708 0.3794339336603183 0.4130798209329214 0.38727349760110463 0.412324313797626 0.37376413819051896
9 0.4572660221044771 0.17647047233745367 0.5538996723106493 0.21277322271264112 0.4985407438042557 0.36012901968476607 0.40190721249996386 0.32382650156249565
9 0.5221251174770032 0.15884575883492902 0.5462213802152291 0.1710724338510763 0.5066663911813976 0.24902622452722906 0.48257015006470283 0.23679958244608035
9 0.6745428716694732 0.2091849649687029 0.6773343376320327 0.1977448391372065 0.7982597950494892 0.22725081918644288 0.7954683838252095 0.2386908978550157
9 0.05725204374994064 0.3903743312499806 0.02482748899717535 0.3543776001158347 0.18644162532552855 0.2088056219737258 0.21886589890380037 0.24480198800066927
9 0.06885960156250803 0.19429590156245874 0.057110320768401834 0.16111219956608452 0.3910515854812502 0.04287363215866061 0.4028009789026328 0.0760571522980555
9 0.12600450312504563 0.13428401875002466 0.11288151783776357 0.08306248467391646 0.4953547502067295 -0.014928170182367953 0.5084778623458988 0.03629318434026329
9 0.4259523998938448 0.0777837040347474 0.4315075957570116 0.0299648525695409 0.8360486796884743 0.07696035511825937 0.8304937372849963 0.12477897201928552
9 0.7019431065557455 0.1572582020487522 0.7078845591495337 0.13907713323648754 0.8580824513217067 0.18816016447411382 0.8521410875036963 0.20634115786304696
9 0.1334193803972994 0.4355456896214897 0.13198078406321656 0.447940585421033 0.026374923353955637 0.4356838773575977 0.02781359531252292 0.4232890687500289
9 0.8804968316001123 0.45562513820712813 0.8799683297917227 0.4394730412888363 0.9827672904305018 0.4361093066575544 0.9832959013141362 0.45226129112678287