9 0.5386007876796839 0.10689316102715118 0.5561224944825653 0.0789484274907761 0.7741229208518234 0.2156363215297264 0.7566014172336963 0.24358087717763652
9 0.7579855050189508 0.24110164139992854 0.7431522068172853 0.26719045233601185 0.454518836376792 0.10308272794191883 0.46935213620599825 0.0769941431564709
9 0.4260517376495727 0.12823156567636532 0.4226361057192207 0.12092713536375788 0.4753100347218151 0.09629630509877475 0.47872566848468523 0.1036007282069619
9 0.4179587015624975 0.1605415703124954 0.4159468724606086 0.15579897681950325 0.46255456148776375 0.13602790250730518 0.464566392417737 0.14077049061389935
9 0.7470426677069781 0.2801291222722214 0.7354822654165218 0.29973758781239906 0.45023701867989985 0.13156875014822816 0.46179742526226164 0.11196047390802884
9 0.7135339516036083 0.29893945283985784 0.7069540768187608 0.3044812788182339 0.6681389884213331 0.25839675066174234 0.6747188425190416 0.2528549389172739
9 0.626808277230225 0.32345567561185173 0.6230752405363091 0.32398110430402804 0.6142229564226227 0.26108952499192656 0.6179559725217132 0.2605640977613671
9 0.4120589984376011 0.19850213906252395 0.42847972262711664 0.1518445254221984 0.6284789173669196 0.22223128893004757 0.612058567104782 0.26888858497614954
9 0.34362241874998745 0.5006049968750068 0.3364549240542374 0.49817470598122704 0.37269378644271 0.39130486918775886 0.3798611814100923 0.39373514179816677
9 0.6940647635053665 0.5045592052578352 0.7104236516896663 0.5066215993438692 0.6962644892133767 0.6189216131965306 0.6799056046875194 0.6168592390624968
9 0.5925899703125879 0.8050803890625184 0.577906835152362 0.7998770645529938 0.6510651599302264 0.5934670768432065 0.6657476761195085 0.5986702816781226
9 0.3548316846116677 0.4958599041122837 0.36141986301231555 0.49665442689869915 0.33873946159906154 0.6847017316919244 0.33215128560868834 0.6839072223757391
9 0.3672847932481318 0.6544268911676703 0.3682475347602576 0.6443734939110621 0.3950349228830419 0.6469383846510703 0.39407221040426066 0.6569917550237355
9 0.3880794703125048 0.6616598312500048 0.3925850679844416 0.6606640686181279 0.39979300174661603 0.6932738080686685 0.3952874051802837 0.6942695672668195
9 0.4039735093749641 0.7066384953125006 0.4086182536038905 0.7052212258270641 0.41905173972338616 0.7394089755646579 0.4144069979197411 0.7408262394735005
9 0.33686534218747965 0.3586456671875417 0.3309086343214176 0.34520908452580035 0.38697931914725814 0.3203526286334238 0.39293603963733403 0.3337891692039189
9 0.3942286156490127 0.2897413870594425 0.3919811416127459 0.2963545900118194 0.3491873975891622 0.2818116009688004 0.35143487812501917 0.2751984109375162
9 0.35018944883813674 0.3222956231209444 0.3477882382426287 0.31154801283297223 0.386505970656458 0.3028980082315658 0.3889071955252348 0.31364559806405334