9 0.3921875 0.2921875 0.6109375 0.2921875 0.6109375 0.30625 0.3921875 0.30625
9 0.4625 0.4328125 0.5515625 0.4328125 0.5515625 0.44375 0.4625 0.44375
9 0.525 0.3765625 0.5484375 0.3765625 0.5484375 0.4296875 0.525 0.4296875
9 0.45625 0.3625 0.4859375 0.3625 0.4859375 0.4203125 0.45625 0.4203125
9 0.5765625 0.471875 0.7 0.471875 0.7 0.503125 0.5765625 0.503125
9 0.3875 0.4734375 0.4609375 0.4734375 0.4609375 0.509375 0.3875 0.509375
9 0.4734375 0.678125 0.5375 0.678125 0.5375 0.6890625 0.4734375 0.6890625
4 0.45625 0.3765625 0.553125 0.3765625 0.553125 0.4375 0.45625 0.4375
4 0.396875 0.36875 0.45 0.36875 0.45 0.3875 0.396875 0.3875
4 0.540625 0.371875 0.5953125 0.371875 0.5953125 0.390625 0.540625 0.390625
4 0.58125 0.51875 0.65 0.51875 0.65 0.625 0.58125 0.625
4 0.3234375 0.51875 0.4359375 0.51875 0.4359375 0.60625 0.3234375 0.60625
4 0.4734375 0.53125 0.55 0.53125 0.55 0.5671875 0.4734375 0.5671875
4 0.434375 0.696875 0.5828125 0.696875 0.5828125 0.7515625 0.434375 0.7515625
4 0.4984375 0.5921875 0.5234375 0.5921875 0.5234375 0.6140625 0.4984375 0.6140625
4 0.6484375 0.53125 0.6890625 0.53125 0.6890625 0.5671875 0.6484375 0.5671875
4 0.296875 0.578125 0.3265625 0.578125 0.3265625 0.615625 0.296875 0.615625
4 0.3546875 0.6875 0.4015625 0.6875 0.4015625 0.7265625 0.3546875 0.7265625
0 0.7015625 0.5703125 0.715625 0.5703125 0.715625 0.5890625 0.7015625 0.5890625
0 0.70625 0.621875 0.725 0.621875 0.725 0.6453125 0.70625 0.6453125
0 0.309375 0.6609375 0.3296875 0.6609375 0.3296875 0.6796875 0.309375 0.6796875
0 0.2625 0.5875 0.290625 0.5875 0.290625 0.615625 0.2625 0.615625
0 0.3 0.5625 0.328125 0.5625 0.328125 0.58125 0.3 0.58125