0 0.3328125 0.484375 0.39375 0.484375 0.39375 0.53125 0.3328125 0.53125
3 0.3328125 0.48125 0.4890625 0.48125 0.4890625 0.5453125 0.3328125 0.5453125
3 0.478125 0.4484375 0.584375 0.4484375 0.584375 0.521875 0.478125 0.521875
3 0.7 0.4796875 0.775 0.4796875 0.775 0.5109375 0.7 0.5109375
3 0.575 0.43125 0.615625 0.43125 0.615625 0.4578125 0.575 0.4578125
3 0.5015625 0.6828125 0.671875 0.6828125 0.671875 0.7421875 0.5015625 0.7421875
0 0.3859375 0.6 0.4265625 0.6 0.4265625 0.634375 0.3859375 0.634375
0 0.2578125 0.3984375 0.2859375 0.3984375 0.2859375 0.4140625 0.2578125 0.4140625
9 0.5890625 0.1625 0.7359375 0.1625 0.7359375 0.21875 0.5890625 0.21875
9 0.6484375 0.3578125 0.7046875 0.3578125 0.7046875 0.38125 0.6484375 0.38125
9 0.60625 0.6609375 0.6703125 0.6609375 0.6703125 0.6765625 0.60625 0.6765625