9 0.7279255828126452 0.0915057406249557 0.7379690695311183 0.051428106810457674 0.989800123478858 0.11453670597713897 0.9797568260869411 0.15461417601853458
9 0.664064006249987 0.03865328749998889 0.6710212730233707 0.007797005513286406 0.9614104482982384 0.07327176529942887 0.9544532700749642 0.10412797292497072
9 0.7857624828125154 0.020509906249956945 0.7914300753903944 0.004100264042158725 0.9444568086212257 0.056952868832562245 0.9387892341635506 0.07336249587028276
9 0.590563279687558 0.3689356218750118 0.5771498746241832 0.3638136400573941 0.6021599566703344 0.2983199007562827 0.6155732756706129 0.3034418642706594
9 0.5983224627376558 0.2835228136452116 0.610554094562417 0.29142711340375466 0.5698028314209296 0.35448635466162476 0.5575712224618883 0.3465820837885065
9 0.9042361419792542 0.5772140158945235 0.8903887784654216 0.5886700307475489 0.8393230569163279 0.526950439718361 0.8531703043136076 0.5154945021472417
9 0.9254082010470484 0.5175097010861637 0.9577319661124193 0.5380333167186135 0.8618383245603809 0.6890450672759998 0.8295148234375347 0.6685217874999991
9 0.007930746874990291 0.31729333437494445 0.0057708836634446925 0.2906668933315247 0.30900539390245285 0.266068445271982 0.3111655814379901 0.2926945018764206
9 0.013114242187498348 0.3512284500000365 0.006089202899261181 0.31346286615849905 0.24323430672609447 0.2693503160335507 0.2502596676296207 0.3071154381806888
9 0.9956653867748173 0.3118327078916791 0.9943796666631215 0.32902018425852003 0.6817951215977018 0.3056356936766954 0.6830810718749944 0.28844848593754285
9 0.9707650671747388 0.23075874314064992 0.975266905099943 0.24352897296741588 0.9415741805685229 0.2554062926914295 0.9370723624999755 0.24263607968752782
9 0.8865332796874554 0.2791163312500084 0.8834166170099707 0.2637764772213729 0.9931405832018072 0.2414836422600047 0.9962572963277125 0.25682342863471297
9 0.8666292742531141 0.29393901742509587 0.8651440248198696 0.28259550044999704 0.9939742850529001 0.26572726020008897 0.9954595880848274 0.2770707169579712
9 0.007930746874990291 0.2892968640625075 0.006531934467034262 0.26759860763690285 0.1775872306124029 0.25657105141998304 0.17898618643562259 0.27826914835177113
9 0.052378719407442986 0.2079607816796814 0.057173978830178385 0.19597523887441162 0.10382541718752236 0.21463960781253194 0.09903018070281178 0.22662513115502997
9 0.09631088736216498 0.23436823122444653 0.09590862193135763 0.24450714089366712 0.029822093261373084 0.24188509318579976 0.030224381961943436 0.2317462080811558
9 0.4316815569214896 0.3368060154898321 0.4228709278323777 0.33971576656391933 0.40390313794273425 0.2822836006271533 0.4127137208234899 0.27937385780284124
9 0.406017053104506 0.34106068778751586 0.39803348315081166 0.3434057500997466 0.3805571466322135 0.2839107882049205 0.38854067234899503 0.2815657328185565