9 0.359375 0.4703125 0.3890625 0.4703125 0.3890625 0.4953125 0.359375 0.4953125
9 0.33125 0.5140625 0.3875 0.5140625 0.3875 0.6140625 0.33125 0.6140625
9 0.575 0.4953125 0.625 0.4953125 0.625 0.5953125 0.575 0.5953125
0 0.475 0.35 0.49375 0.35 0.49375 0.3640625 0.475 0.3640625
0 0.56875 0.440625 0.5859375 0.440625 0.5859375 0.4625 0.56875 0.4625
0 0.528125 0.4359375 0.54375 0.4359375 0.54375 0.45 0.528125 0.45
0 0.68125 0.3890625 0.6953125 0.3890625 0.6953125 0.403125 0.68125 0.403125
0 0.3421875 0.4328125 0.36875 0.4328125 0.36875 0.4453125 0.3421875 0.4453125
0 0.3453125 0.4875 0.371875 0.4875 0.371875 0.50625 0.3453125 0.50625
0 0.4875 0.509375 0.509375 0.509375 0.509375 0.521875 0.4875 0.521875
0 0.5453125 0.6078125 0.559375 0.6078125 0.559375 0.61875 0.5453125 0.61875
5 0.528125 0.3625 0.678125 0.3625 0.678125 0.428125 0.528125 0.428125
5 0.2875 0.3578125 0.440625 0.3578125 0.440625 0.4078125 0.2875 0.4078125
0 0.271875 0.4171875 0.2875 0.4171875 0.2875 0.43125 0.271875 0.43125