0 0.459375 0.534375 0.5171875 0.534375 0.5171875 0.571875 0.459375 0.571875
0 0.2953125 0.5984375 0.3359375 0.5984375 0.3359375 0.625 0.2953125 0.625
0 0.2859375 0.775 0.33125 0.775 0.33125 0.796875 0.2859375 0.796875
0 0.2578125 0.7875 0.2828125 0.7875 0.2828125 0.7984375 0.2578125 0.7984375
0 0.25625 0.8 0.3171875 0.8 0.3171875 0.834375 0.25625 0.834375
0 0.284375 0.721875 0.3078125 0.721875 0.3078125 0.734375 0.284375 0.734375
0 0.165625 0.8046875 0.203125 0.8046875 0.203125 0.8203125 0.165625 0.8203125
0 0.2015625 0.8203125 0.2203125 0.8203125 0.2203125 0.83125 0.2015625 0.83125
0 0.2296875 0.815625 0.2578125 0.815625 0.2578125 0.8359375 0.2296875 0.8359375
0 0.178125 0.7125 0.2140625 0.7125 0.2140625 0.7296875 0.178125 0.7296875
0 0.1921875 0.571875 0.2109375 0.571875 0.2109375 0.584375 0.1921875 0.584375
4 0.25 0.5390625 0.325 0.5390625 0.325 0.6 0.25 0.6