0 0.415625 0.1984375 0.434375 0.1984375 0.434375 0.215625 0.415625 0.215625
0 0.353125 0.2046875 0.3796875 0.2046875 0.3796875 0.2203125 0.353125 0.2203125
0 0.6140625 0.240625 0.6390625 0.240625 0.6390625 0.25625 0.6140625 0.25625
0 0.5890625 0.2640625 0.603125 0.2640625 0.603125 0.2859375 0.5890625 0.2859375
0 0.709375 0.490625 0.73125 0.490625 0.73125 0.509375 0.709375 0.509375
4 0.596875 0.4765625 0.659375 0.4765625 0.659375 0.534375 0.596875 0.534375
0 0.675 0.528125 0.690625 0.528125 0.690625 0.5453125 0.675 0.5453125
0 0.69375 0.515625 0.7078125 0.515625 0.7078125 0.5265625 0.69375 0.5265625
0 0.7171875 0.5734375 0.734375 0.5734375 0.734375 0.5890625 0.7171875 0.5890625
0 0.5140625 0.565625 0.5359375 0.565625 0.5359375 0.578125 0.5140625 0.578125
0 0.478125 0.58125 0.515625 0.58125 0.515625 0.5984375 0.478125 0.5984375
0 0.36875 0.70625 0.3921875 0.70625 0.3921875 0.71875 0.36875 0.71875
0 0.440625 0.7203125 0.4578125 0.7203125 0.4578125 0.734375 0.440625 0.734375
0 0.49375 0.715625 0.509375 0.715625 0.509375 0.725 0.49375 0.725
0 0.6421875 0.646875 0.6546875 0.646875 0.6546875 0.65625 0.6421875 0.65625
0 0.5671875 0.709375 0.6046875 0.709375 0.6046875 0.725 0.5671875 0.725
0 0.23125 0.465625 0.253125 0.465625 0.253125 0.4875 0.23125 0.4875
0 0.2796875 0.4875 0.325 0.4875 0.325 0.5140625 0.2796875 0.5140625
0 0.2953125 0.525 0.3140625 0.525 0.3140625 0.5390625 0.2953125 0.5390625
0 0.45 0.3484375 0.46875 0.3484375 0.46875 0.3609375 0.45 0.3609375
0 0.240625 0.5828125 0.2671875 0.5828125 0.2671875 0.6078125 0.240625 0.6078125
0 0.4546875 0.16875 0.4703125 0.16875 0.4703125 0.178125 0.4546875 0.178125
0 0.46875 0.21875 0.4859375 0.21875 0.4859375 0.228125 0.46875 0.228125
0 0.4890625 0.2140625 0.5 0.2140625 0.5 0.2234375 0.4890625 0.2234375
0 0.54375 0.296875 0.559375 0.296875 0.559375 0.3078125 0.54375 0.3078125
0 0.465625 0.43125 0.48125 0.43125 0.48125 0.4421875 0.465625 0.4421875
0 0.453125 0.4453125 0.465625 0.4453125 0.465625 0.4578125 0.453125 0.4578125
0 0.271875 0.471875 0.2953125 0.471875 0.2953125 0.4875 0.271875 0.4875
0 0.3203125 0.5171875 0.334375 0.5171875 0.334375 0.5234375 0.3203125 0.5234375
0 0.3296875 0.5046875 0.340625 0.5046875 0.340625 0.5125 0.3296875 0.5125
0 0.240625 0.4953125 0.2578125 0.4953125 0.2578125 0.5078125 0.240625 0.5078125
0 0.4609375 0.409375 0.4734375 0.409375 0.4734375 0.421875 0.4609375 0.421875
0 0.3484375 0.2515625 0.3671875 0.2515625 0.3671875 0.2625 0.3484375 0.2625
0 0.3140625 0.25625 0.3390625 0.25625 0.3390625 0.2765625 0.3140625 0.2765625
4 0.3140625 0.4953125 0.3625 0.4953125 0.3625 0.5484375 0.3140625 0.5484375
5 0.5296875 0.3921875 0.709375 0.3921875 0.709375 0.4546875 0.5296875 0.4546875
5 0.2265625 0.4 0.440625 0.4 0.440625 0.4546875 0.2265625 0.4546875