0 0.40625 0.290625 0.428125 0.290625 0.428125 0.303125 0.40625 0.303125
0 0.590625 0.4125 0.6109375 0.4125 0.6109375 0.425 0.590625 0.425
0 0.55625 0.4265625 0.5765625 0.4265625 0.5765625 0.4390625 0.55625 0.4390625
0 0.440625 0.415625 0.4625 0.415625 0.4625 0.428125 0.440625 0.428125
0 0.2953125 0.6171875 0.3171875 0.6171875 0.3171875 0.634375 0.2953125 0.634375
0 0.4671875 0.8125 0.48125 0.8125 0.48125 0.828125 0.4671875 0.828125
0 0.7328125 0.646875 0.7546875 0.646875 0.7546875 0.6640625 0.7328125 0.6640625
4 0.259375 0.5828125 0.346875 0.5828125 0.346875 0.678125 0.259375 0.678125
4 0.3625 0.55625 0.428125 0.55625 0.428125 0.5921875 0.3625 0.5921875
4 0.75625 0.571875 0.840625 0.571875 0.840625 0.659375 0.75625 0.659375
4 0.6921875 0.5546875 0.778125 0.5546875 0.778125 0.590625 0.6921875 0.590625
0 0.48125 0.2796875 0.5140625 0.2796875 0.5140625 0.2953125 0.48125 0.2953125