0 0.29375 0.46875 0.315625 0.46875 0.315625 0.48125 0.29375 0.48125
0 0.2734375 0.4796875 0.290625 0.4796875 0.290625 0.49375 0.2734375 0.49375
0 0.3140625 0.475 0.33125 0.475 0.33125 0.4859375 0.3140625 0.4859375
0 0.55625 0.64375 0.578125 0.64375 0.578125 0.6578125 0.55625 0.6578125
0 0.5453125 0.6859375 0.5640625 0.6859375 0.5640625 0.7046875 0.5453125 0.7046875
4 0.446875 0.6515625 0.525 0.6515625 0.525 0.7578125 0.446875 0.7578125
4 0.4578125 0.803125 0.4765625 0.803125 0.4765625 0.815625 0.4578125 0.815625
4 0.653125 0.79375 0.675 0.79375 0.675 0.80625 0.653125 0.80625
4 0.571875 0.446875 0.5984375 0.446875 0.5984375 0.465625 0.571875 0.465625
4 0.6578125 0.609375 0.675 0.609375 0.675 0.6265625 0.6578125 0.6265625
4 0.6078125 0.5203125 0.6265625 0.5203125 0.6265625 0.534375 0.6078125 0.534375
4 0.6578125 0.571875 0.678125 0.571875 0.678125 0.5875 0.6578125 0.5875