9 0.21741424843742152 0.38924148437497885 0.20982986501314826 0.35756320128784314 0.4744305698249036 0.2942137195291846 0.48201524707553745 0.3258915275537879
9 0.5388489203122617 0.3380403781249803 0.543892899927414 0.30843586373988013 0.8125968327414057 0.35421414745498103 0.8075533314523682 0.38381823771675905
9 0.5221826364003164 0.3207163457133232 0.5218183535491789 0.32579514966534306 0.46402419453511357 0.32164985656406037 0.46438849062496956 0.3165710671874737
9 0.2330935265624703 0.3461420062500425 0.23121905640414298 0.3385817732102716 0.3578379208664728 0.30718879911429803 0.3597124233676823 0.3147489827067261
9 0.215827337500059 0.32244474687497704 0.21026064261286592 0.29743440599775256 0.45594448840540736 0.242751307546042 0.4615113730402527 0.2677613751879225
9 0.4369320612672709 0.27289807843769714 0.43875938581129503 0.24982699333744132 0.7665186005286841 0.2757836673141817 0.7646916121830145 0.29885446405697064
9 0.5748201437500029 0.2809239093749549 0.5765538399634806 0.2723440290704711 0.7740354195597092 0.31224632926822854 0.7723018122061376 0.320826132316339
9 0.6113081074054207 0.31055529357020584 0.6116110720988672 0.3150061803874368 0.527194058358873 0.3207519428394058 0.5268911128670197 0.316301074006714
9 0.2633093515626115 0.31859647343755193 0.2664740453099057 0.27523551760182424 0.8107163918328979 0.31494898582721315 0.8075529051566264 0.35830885204722673
9 0.478449553000587 0.35966191788477553 0.4819389502248441 0.3637445661930889 0.447210315584357 0.39342546886639823 0.4437209296875153 0.38934283124998004
9 0.46088112509244183 0.3314776711984774 0.46489579419085203 0.33478792466832524 0.4341475986174146 0.37207788309891865 0.43013293736021296 0.36876763818550884
9 0.6106514225017463 0.24623169923964003 0.6107042877937374 0.2500052803032716 0.49896352565212965 0.25157038261235004 0.49891067656278665 0.24779681718752986
9 0.5245697937500609 0.3473414046875141 0.5227493751791599 0.34654786259914555 0.5264531640865471 0.3380515248990446 0.5282735811255179 0.33884506660440916
9 0.5238701432566586 0.3475593924686015 0.5247925830475424 0.3472719909647359 0.5316082429229709 0.3691465916824197 0.530685803291135 0.36943399282666584
9 0.7765688562500372 0.5135456828125319 0.7825985790568666 0.5067399546592642 0.833994102071415 0.5522712925122658 0.8279644188893371 0.5590769827451593
9 0.7645150839665575 0.49765948532669185 0.7683425827009387 0.4901160338024993 0.8438272630043002 0.5284132589852844 0.8399998225537502 0.5359566606615338
9 0.22300884999999998 0.618273140625 0.22548672656250002 0.618273140625 0.22548672656250002 0.6583353265625 0.22300884999999998 0.6583353265625
9 0.20069357070997285 0.5924090459859765 0.1945695080795531 0.588476263909855 0.23210621049145175 0.5300304927568229 0.2382302186680363 0.5339632514218949
9 0.3104424627165372 0.5010762424273403 0.31051693917527246 0.5013394149516625 0.2839031476803484 0.5088703641531737 0.2838286718750851 0.5086071921875434
9 0.283828669186164 0.5086071788854388 0.28392395266109816 0.5090785458775664 0.2681355018519298 0.5122698042832841 0.2680402190509312 0.5117984378807816
9 0.2679692275900152 0.5115012554185067 0.26812963437612325 0.5122050192193487 0.24626185817839996 0.5171888528157885 0.24610145281621953 0.5164850902492417
9 0.2193393999999671 0.5294968406249568 0.21893201347131708 0.5289378045246635 0.22758238345863901 0.5226345482603723 0.227989769819942 0.5231935838815392
9 0.20353982343749522 0.5455233999999999 0.20297641668094002 0.5449877660857212 0.21462122580180676 0.532740254239145 0.21518463172390057 0.5332758874113507
9 0.20778760937503193 0.35119189999998324 0.2060345855062451 0.3487842973893559 0.24709659649840887 0.31888723341859515 0.2488496181440496 0.3212948297342823
9 0.7856329710180034 0.32031422739142484 0.7846588243169208 0.3226880053950953 0.7415462399394528 0.30499603136561193 0.7425203885163683 0.30262225865458625
9 0.7840707953124593 0.32607829062499427 0.7843825473833022 0.32558426324801004 0.8049135083908823 0.3385397177468149 0.8046017570100048 0.33903374451763824