0 0.64375 0.325 0.6578125 0.325 0.6578125 0.3375 0.64375 0.3375
5 0.475 0.3796875 0.6015625 0.3796875 0.6015625 0.4375 0.475 0.4375
0 0.6875 0.2890625 0.7015625 0.2890625 0.7015625 0.2984375 0.6875 0.2984375
0 0.6078125 0.23125 0.6203125 0.23125 0.6203125 0.2390625 0.6078125 0.2390625
0 0.6234375 0.265625 0.634375 0.265625 0.634375 0.2734375 0.6234375 0.2734375
0 0.609375 0.25625 0.6234375 0.25625 0.6234375 0.2640625 0.609375 0.2640625
0 0.603125 0.29375 0.61875 0.29375 0.61875 0.303125 0.603125 0.303125
0 0.5671875 0.2546875 0.5953125 0.2546875 0.5953125 0.2671875 0.5671875 0.2671875
0 0.6515625 0.290625 0.671875 0.290625 0.671875 0.3046875 0.6515625 0.3046875
0 0.6078125 0.2765625 0.6265625 0.2765625 0.6265625 0.2859375 0.6078125 0.2859375
0 0.61875 0.4421875 0.640625 0.4421875 0.640625 0.4546875 0.61875 0.4546875
0 0.63125 0.371875 0.6453125 0.371875 0.6453125 0.384375 0.63125 0.384375
0 0.3703125 0.4265625 0.3875 0.4265625 0.3875 0.440625 0.3703125 0.440625
0 0.525 0.2859375 0.5390625 0.2859375 0.5390625 0.29375 0.525 0.29375
0 0.615625 0.240625 0.6375 0.240625 0.6375 0.25 0.615625 0.25
0 0.6640625 0.2484375 0.6765625 0.2484375 0.6765625 0.2546875 0.6640625 0.2546875
0 0.6453125 0.265625 0.6546875 0.265625 0.6546875 0.2703125 0.6453125 0.2703125
0 0.66875 0.2640625 0.68125 0.2640625 0.68125 0.2765625 0.66875 0.2765625
0 0.6734375 0.421875 0.684375 0.421875 0.684375 0.428125 0.6734375 0.428125