9 0.641672364794772 0.4435408006770636 0.65511647485107 0.432099793315173 0.7414552805048515 0.5335477780528117 0.7280112763768329 0.544988671951101
9 0.7370134531219037 0.6295806618176722 0.7257737413325458 0.6334808974263217 0.6808390766648245 0.5040010451021303 0.6920785444586954 0.500100855788168
9 0.6490070613239141 0.540115430453285 0.6639074602945811 0.533266338719717 0.7388021377607856 0.6961840452043465 0.7239018104496608 0.7030330214586847
9 0.5005617806489226 0.5233034315244305 0.5099950701863918 0.5458850162673539 0.46235741571183553 0.5657833146772464 0.45292423992668773 0.5432018263154482
9 0.4764875376483815 0.48736235043992454 0.49106404103599743 0.4944836406963705 0.4691162232431907 0.5394048395745668 0.45453973776318435 0.5322835771469985
9 0.5538603671875535 0.5169797031249462 0.5577463930109161 0.5056665152952824 0.6199236278232547 0.5270222613335412 0.6160376718564748 0.5383353897164149
9 0.5596343718749495 0.5280465421875076 0.5695551610103848 0.5215927945437524 0.5988692147442407 0.566650761103315 0.5889484487039454 0.5731044798825755
9 0.4557022750000215 0.21264149999994458 0.4533355260454073 0.16904901742550588 0.5843609057283174 0.16193523204316826 0.5867278074753131 0.20552754953629127
9 0.5662966859374592 0.175488523437503 0.6003575142225372 0.1612308322408748 0.6834136934696744 0.3596439008192918 0.6493529378388985 0.37390147001774315
9 0.7022078176123614 0.36125331513884607 0.7123034590696307 0.37302310120342236 0.6638949366923725 0.4145439790262557 0.6537993421293322 0.4027742373575376
9 0.35215551413489266 0.1314324759051512 0.40378832835142475 0.033723858908756746 0.7205271725397324 0.20109881761029005 0.6688953917937397 0.2988065368078035
9 0.3548792578122857 0.10592550624995807 0.3725166009445502 0.023574161004142558 0.6936392767577217 0.09234894576696542 0.6760023830964883 0.17469993149442103
9 0.5041150906249641 0.015809773437523236 0.5099456077966806 -0.005431410828427322 0.6361729350643373 0.029216862508986308 0.6303424291938882 0.05045803692256047
9 0.34111047500005043 0.17390754218751892 0.3661642431281962 0.14160506705192458 0.46298953530902054 0.21670189075857005 0.43793589818017153 0.24900424705338534