9 0.5255910468749789 0.4174666890625091 0.5378939082152101 0.4084998464159521 0.5776524683690241 0.4630470282466675 0.5653496415500285 0.472013830367678
9 0.5517961468489148 0.39894736522093277 0.5514101072933499 0.3922561440076698 0.5782400033081103 0.3907082907162654 0.5786260530016989 0.3973995011322736
9 0.5511449154912498 0.4061804635322923 0.5536627322048844 0.3991017846848531 0.5788996818193937 0.40807786088917986 0.576381878975667 0.41515652796314384
9 0.55692760625 0.49113156562500004 0.5619168796875 0.49113156562500004 0.5619168796875 0.5495996109375 0.55692760625 0.5495996109375
9 0.5329695759164679 0.5257210832496355 0.5423030997725391 0.5232008695150442 0.5525405954679172 0.5611117431348983 0.5432070748202023 0.5636319486896726
9 0.5182607406250099 0.5336963046874983 0.5289552402633717 0.5297357518961316 0.5433279310703938 0.5685421571690613 0.532633438572816 0.5725026962010452
9 0.5391533148731469 0.566906151015196 0.5438071728458453 0.5673744151414687 0.540660186740979 0.5986476458623102 0.5360063289630261 0.5981793830413342
9 0.5522501527919985 0.5004864529300772 0.5557558826710647 0.5005568426701049 0.5541967439284008 0.5782024064781769 0.5506910140625223 0.5781320171875005
9 0.5263682676900316 0.5715835785641793 0.527420143923905 0.5720062047957514 0.5136996832754903 0.6061515592131713 0.5126478078125274 0.6057289343750015
9 0.4901960781251091 0.27082397812495757 0.49033443162841195 0.26927582349169604 0.5143015388272261 0.27141762487889876 0.5141631869811363 0.2729657779782483
9 0.5284933687499915 0.2776842281250271 0.5304657423805565 0.2760027231704881 0.5445558075674626 0.2925297003808802 0.5425834354164181 0.29421120374920334