0 0.6234375 0.80625 0.6453125 0.80625 0.6453125 0.821875 0.6234375 0.821875
5 0.4546875 0.5890625 0.634375 0.5890625 0.634375 0.64375 0.4546875 0.64375
0 0.6546875 0.521875 0.675 0.521875 0.675 0.5375 0.6546875 0.5375
0 0.6421875 0.5421875 0.6609375 0.5421875 0.6609375 0.5546875 0.6421875 0.5546875
0 0.7125 0.46875 0.73125 0.46875 0.73125 0.48125 0.7125 0.48125
0 0.39375 0.68125 0.4125 0.68125 0.4125 0.6984375 0.39375 0.6984375
0 0.4453125 0.6671875 0.4625 0.6671875 0.4625 0.68125 0.4453125 0.68125
0 0.5046875 0.6984375 0.51875 0.6984375 0.51875 0.715625 0.5046875 0.715625
0 0.48125 0.7125 0.5109375 0.7125 0.5109375 0.7296875 0.48125 0.7296875
0 0.4984375 0.7453125 0.5234375 0.7453125 0.5234375 0.7625 0.4984375 0.7625
0 0.471875 0.740625 0.49375 0.740625 0.49375 0.75 0.471875 0.75
0 0.5234375 0.74375 0.54375 0.74375 0.54375 0.7546875 0.5234375 0.7546875
0 0.7015625 0.7359375 0.7171875 0.7359375 0.7171875 0.7484375 0.7015625 0.7484375
0 0.609375 0.7515625 0.628125 0.7515625 0.628125 0.76875 0.609375 0.76875
0 0.509375 0.7796875 0.525 0.7796875 0.525 0.7953125 0.509375 0.7953125
0 0.41875 0.740625 0.440625 0.740625 0.440625 0.7625 0.41875 0.7625
0 0.6828125 0.8671875 0.7109375 0.8671875 0.7109375 0.903125 0.6828125 0.903125
0 0.728125 0.83125 0.74375 0.83125 0.74375 0.846875 0.728125 0.846875
0 0.7140625 0.853125 0.7265625 0.853125 0.7265625 0.8671875 0.7140625 0.8671875
0 0.5515625 0.775 0.5703125 0.775 0.5703125 0.7875 0.5515625 0.7875
0 0.44375 0.7671875 0.4859375 0.7671875 0.4859375 0.7953125 0.44375 0.7953125
0 0.428125 0.690625 0.459375 0.690625 0.459375 0.7125 0.428125 0.7125
0 0.375 0.71875 0.39375 0.71875 0.39375 0.7296875 0.375 0.7296875
0 0.378125 0.765625 0.396875 0.765625 0.396875 0.775 0.378125 0.775
0 0.3953125 0.746875 0.4109375 0.746875 0.4109375 0.765625 0.3953125 0.765625
0 0.6109375 0.8875 0.65 0.8875 0.65 0.91875 0.6109375 0.91875
0 0.5359375 0.8578125 0.55625 0.8578125 0.55625 0.8828125 0.5359375 0.8828125
4 0.4625 0.6546875 0.584375 0.6546875 0.584375 0.790625 0.4625 0.790625