0 0.546875 0.3890625 0.58125 0.3890625 0.58125 0.4359375 0.546875 0.4359375
0 0.340625 0.384375 0.384375 0.384375 0.384375 0.45 0.340625 0.45
0 0.453125 0.403125 0.484375 0.403125 0.484375 0.453125 0.453125 0.453125
8 0.39375 0.4984375 0.4171875 0.4984375 0.4171875 0.5375 0.39375 0.5375
8 0.1203125 0.503125 0.159375 0.503125 0.159375 0.55625 0.1203125 0.55625
0 0.5203125 0.534375 0.55 0.534375 0.55 0.58125 0.5203125 0.58125
8 0.121875 0.54375 0.146875 0.54375 0.146875 0.5828125 0.121875 0.5828125
0 0.5640625 0.5578125 0.60625 0.5578125 0.60625 0.6109375 0.5640625 0.6109375
8 0.140625 0.571875 0.165625 0.571875 0.165625 0.603125 0.140625 0.603125
0 0.1734375 0.571875 0.2125 0.571875 0.2125 0.6296875 0.1734375 0.6296875
0 0.43125 0.5734375 0.4640625 0.5734375 0.4640625 0.628125 0.43125 0.628125
0 0.346875 0.5796875 0.3890625 0.5796875 0.3890625 0.63125 0.346875 0.63125
0 0.178125 0.85625 0.2203125 0.85625 0.2203125 0.9296875 0.178125 0.9296875
0 0.540625 0.859375 0.5953125 0.859375 0.5953125 0.928125 0.540625 0.928125
0 0.1 0.8640625 0.1546875 0.8640625 0.1546875 0.94375 0.1 0.94375
0 0.415625 0.284375 0.4546875 0.284375 0.4546875 0.3421875 0.415625 0.3421875