0 0.61875 0.596875 0.6328125 0.596875 0.6328125 0.6125 0.61875 0.6125
0 0.609375 0.5546875 0.6265625 0.5546875 0.6265625 0.5703125 0.609375 0.5703125
0 0.5953125 0.559375 0.60625 0.559375 0.60625 0.5671875 0.5953125 0.5671875
0 0.5671875 0.5625 0.5828125 0.5625 0.5828125 0.571875 0.5671875 0.571875
0 0.5828125 0.584375 0.596875 0.584375 0.596875 0.5984375 0.5828125 0.5984375
0 0.4875 0.528125 0.496875 0.528125 0.496875 0.5375 0.4875 0.5375
0 0.559375 0.521875 0.56875 0.521875 0.56875 0.53125 0.559375 0.53125
0 0.5109375 0.5015625 0.5234375 0.5015625 0.5234375 0.5078125 0.5109375 0.5078125
0 0.5078125 0.515625 0.51875 0.515625 0.51875 0.5234375 0.5078125 0.5234375
0 0.396875 0.5203125 0.4078125 0.5203125 0.4078125 0.53125 0.396875 0.53125
0 0.3734375 0.421875 0.384375 0.421875 0.384375 0.4296875 0.3734375 0.4296875
0 0.5890625 0.3921875 0.6046875 0.3921875 0.6046875 0.403125 0.5890625 0.403125
0 0.603125 0.5125 0.615625 0.5125 0.615625 0.51875 0.603125 0.51875