5 0.3421875 0.4796875 0.525 0.4796875 0.525 0.5328125 0.3421875 0.5328125
0 0.6484375 0.5296875 0.675 0.5296875 0.675 0.5453125 0.6484375 0.5453125
0 0.5546875 0.53125 0.6171875 0.53125 0.6171875 0.546875 0.5546875 0.546875
0 0.55625 0.5609375 0.5703125 0.5609375 0.5703125 0.571875 0.55625 0.571875
0 0.5421875 0.590625 0.5609375 0.590625 0.5609375 0.60625 0.5421875 0.60625
0 0.6421875 0.64375 0.684375 0.64375 0.684375 0.6734375 0.6421875 0.6734375
0 0.6140625 0.7046875 0.6421875 0.7046875 0.6421875 0.71875 0.6140625 0.71875
0 0.6640625 0.5765625 0.6890625 0.5765625 0.6890625 0.6015625 0.6640625 0.6015625
0 0.503125 0.78125 0.5359375 0.78125 0.5359375 0.796875 0.503125 0.796875
0 0.4703125 0.7859375 0.4890625 0.7859375 0.4890625 0.796875 0.4703125 0.796875
0 0.3703125 0.7828125 0.390625 0.7828125 0.390625 0.7921875 0.3703125 0.7921875
0 0.3390625 0.76875 0.3625 0.76875 0.3625 0.778125 0.3390625 0.778125