9 0.5178026093749395 0.16268516249995027 0.517481392172499 0.1613697060803822 0.5453676336040871 0.15456029279096578 0.5456888514240745 0.15587574831723203
9 0.5544356140625268 0.15792575468753797 0.5578346714946747 0.15096022826952443 0.6024052361228769 0.17270970410648356 0.5990061888987839 0.17967522180229784
9 0.5973242699321872 0.18211795999367214 0.5997009990493325 0.17866609295817487 0.6427610899218053 0.20831410477900114 0.6403843668957734 0.21176596642017229
9 0.7226262308834066 0.24223304719344058 0.7203226404623138 0.2502021412474643 0.6499859550232259 0.229870479389033 0.6522895578125372 0.22190140625000096
9 0.7220830828124463 0.2441120265625372 0.7229173129188666 0.24257194715334185 0.7662321957534459 0.26603427471280533 0.7653979690986716 0.26757435115748324
9 0.5549062421874851 0.12950595156249964 0.5556858794245727 0.12741970801104313 0.5875633685476487 0.1393323735564334 0.5867837330214343 0.1414186156589269
9 0.5867837406250374 0.14141859531246376 0.5889521189529887 0.1381286755440089 0.6466740537471196 0.17617274769503738 0.6445056815995258 0.17946266196622593
9 0.7147373321143959 0.20335629392740595 0.7108987668399323 0.21456393671700624 0.6407532210305362 0.19053962089764756 0.6445917984375455 0.17933200312498196
9 0.7147372781249715 0.20335645156251278 0.7150844109680747 0.20127369934696457 0.7471933158118418 0.2066252174684798 0.7468461853549115 0.20870796755745055
9 0.5713174640625311 0.11666238437503136 0.5744918666819103 0.11094519365192512 0.6453107156168016 0.15026628658626584 0.6421363239808215 0.15598346782794345
9 0.6965750609713268 0.17488277670320496 0.6944881189230045 0.18089405623214752 0.6400494317018683 0.16199464114134782 0.6421363781249738 0.15598337031245435
9 0.704979273437516 0.17624981093745912 0.7071573444146679 0.17124032423819133 0.754732477722996 0.19192525105441435 0.7525544153747887 0.19693473041841097
9 0.5613280250000798 0.1899777374999699 0.5659916134768537 0.1831944574528164 0.6259281604451417 0.22440102058627576 0.6212645894901243 0.23118428502954053
9 0.67549305 0.28041784374999384 0.6738025639785974 0.27337421640017706 0.7222299795349727 0.2617517470795045 0.7239204754073398 0.26879536002926085
9 0.666217311363539 0.2686444355841511 0.6640064443811298 0.27048680256398294 0.6033561137074912 0.1977067329092708 0.6055669718749641 0.19586437187502734
9 0.6697847984374903 0.3028940828125391 0.670657662041549 0.30204362627811265 0.6838143296135968 0.31554653975433444 0.6829414667553237 0.3163969955330152
9 0.6829414750000069 0.31639698750001 0.6831616158706311 0.3163162720424857 0.6978326363085898 0.35632823458597757 0.6976124955286878 0.35640894986825516
9 0.7183049343749417 0.21941090937504512 0.721898066432459 0.213566199968937 0.7654234321159947 0.24032370125836627 0.7618303120802921 0.24616840016067115
9 0.436598118043662 0.3030732659554446 0.42976827340942236 0.30147004361937235 0.4543949120583193 0.19656116154091646 0.4612247021520943 0.19816437714831464
9 0.48814132703148516 0.34632632646162026 0.4807198311625598 0.37141769574291317 0.39412203305892035 0.3458046392391115 0.40154359687494434 0.3207133921875245
9 0.45334580956875925 0.3707349265879839 0.4506602012827443 0.38300048858344804 0.3849516837938154 0.36861372809227244 0.38763732500001424 0.3563482125000519
9 0.4371396577387259 0.38248031415639333 0.436357909127878 0.3801723777879348 0.4686653001107288 0.36922961259194603 0.46944705095052086 0.3715375443968277
9 0.4369232910462415 0.3818415384245946 0.4371700147548836 0.3829928588141797 0.4277634089037292 0.3850085666179242 0.42751668593746217 0.38385724687500083
9 0.41244892968745717 0.3905265812499866 0.41131584798256426 0.38796676382380163 0.42638360893408844 0.38129744419228334 0.42751669136691817 0.3838572591408782
9 0.41244892039628667 0.39052655226289573 0.4133332935211911 0.3932856487367344 0.3916579624313954 0.40023289737924506 0.3907735937500547 0.39747380468749804
9 0.3648372921875307 0.5984801328124829 0.3267417327328985 0.5743585478819198 0.44950903848916823 0.38048585812363434 0.4876036566423636 0.40460705252403056
9 0.3985544843749267 0.4901960781249588 0.38282549358098095 0.47180045951196486 0.4692802678149519 0.39788255258330635 0.48500917120622944 0.4162780340838937
9 0.39639312656242964 0.6289552874999955 0.3839878746925933 0.6266411957848856 0.4133829301702008 0.4690782469971581 0.4257878639792807 0.4713923086186418
9 0.40354864470555185 0.5692958808304246 0.40785565000567203 0.5693366039256441 0.4067519334186045 0.6860558695169892 0.40244492812507815 0.6860151468750003
9 0.41355428897782076 0.7469802442516194 0.40910190007593883 0.7469604586313385 0.409663992314222 0.6205062021456441 0.4141162624999879 0.6205259874999999