4 0.4609375 0.4828125 0.5828125 0.4828125 0.5828125 0.5359375 0.4609375 0.5359375
9 0.528125 0.5703125 0.5625 0.5703125 0.5625 0.6140625 0.528125 0.6140625
0 0.6671875 0.4734375 0.6921875 0.4734375 0.6921875 0.4921875 0.6671875 0.4921875
0 0.6671875 0.45 0.6953125 0.45 0.6953125 0.4640625 0.6671875 0.4640625
0 0.7140625 0.5140625 0.7359375 0.5140625 0.7359375 0.5453125 0.7140625 0.5453125
0 0.6890625 0.5375 0.709375 0.5375 0.709375 0.553125 0.6890625 0.553125
0 0.765625 0.5078125 0.784375 0.5078125 0.784375 0.525 0.765625 0.525
0 0.625 0.4828125 0.646875 0.4828125 0.646875 0.4984375 0.625 0.4984375
0 0.584375 0.49375 0.6359375 0.49375 0.6359375 0.51875 0.584375 0.51875
0 0.6296875 0.40625 0.6890625 0.40625 0.6890625 0.43125 0.6296875 0.43125
0 0.6875 0.4484375 0.7125 0.4484375 0.7125 0.46875 0.6875 0.46875
0 0.6921875 0.46875 0.71875 0.46875 0.71875 0.4921875 0.6921875 0.4921875
0 0.5046875 0.6609375 0.5296875 0.6609375 0.5296875 0.6796875 0.5046875 0.6796875
0 0.4984375 0.6296875 0.521875 0.6296875 0.521875 0.6484375 0.4984375 0.6484375
0 0.53125 0.546875 0.55625 0.546875 0.55625 0.565625 0.53125 0.565625
0 0.678125 0.5171875 0.696875 0.5171875 0.696875 0.53125 0.678125 0.53125
0 0.65 0.49375 0.6890625 0.49375 0.6890625 0.5078125 0.65 0.5078125
1 0.365625 0.4671875 0.3921875 0.4671875 0.3921875 0.503125 0.365625 0.503125