0 0.5625 0.7109375 0.58125 0.7109375 0.58125 0.7265625 0.5625 0.7265625
0 0.5 0.8421875 0.5421875 0.8421875 0.5421875 0.8796875 0.5 0.8796875
0 0.3828125 0.6734375 0.4109375 0.6734375 0.4109375 0.6921875 0.3828125 0.6921875
0 0.5578125 0.5875 0.578125 0.5875 0.578125 0.6015625 0.5578125 0.6015625
0 0.5140625 0.5734375 0.5421875 0.5734375 0.5421875 0.603125 0.5140625 0.603125
0 0.3515625 0.4859375 0.3765625 0.4859375 0.3765625 0.5078125 0.3515625 0.5078125
0 0.4640625 0.5875 0.4875 0.5875 0.4875 0.6171875 0.4640625 0.6171875
0 0.4609375 0.70625 0.4984375 0.70625 0.4984375 0.7296875 0.4609375 0.7296875
0 0.4875 0.625 0.5046875 0.625 0.5046875 0.64375 0.4875 0.64375
0 0.7875 0.36875 0.80625 0.36875 0.80625 0.390625 0.7875 0.390625
0 0.7734375 0.321875 0.7921875 0.321875 0.7921875 0.3515625 0.7734375 0.3515625