0 0.3859375 0.3796875 0.4125 0.3796875 0.4125 0.403125 0.3859375 0.403125
0 0.4015625 0.3578125 0.4140625 0.3578125 0.4140625 0.3671875 0.4015625 0.3671875
5 0.46875 0.4953125 0.5890625 0.4953125 0.5890625 0.528125 0.46875 0.528125
5 0.2515625 0.4953125 0.3609375 0.4953125 0.3609375 0.5296875 0.2515625 0.5296875
0 0.490625 0.7453125 0.509375 0.7453125 0.509375 0.759375 0.490625 0.759375
0 0.5390625 0.6734375 0.546875 0.6734375 0.546875 0.6828125 0.5390625 0.6828125
0 0.5515625 0.6765625 0.5671875 0.6765625 0.5671875 0.6890625 0.5515625 0.6890625
0 0.5765625 0.665625 0.5890625 0.665625 0.5890625 0.6765625 0.5765625 0.6765625
0 0.54375 0.5578125 0.55625 0.5578125 0.55625 0.56875 0.54375 0.56875
0 0.5765625 0.546875 0.5875 0.546875 0.5875 0.559375 0.5765625 0.559375
0 0.5953125 0.5359375 0.6171875 0.5359375 0.6171875 0.5546875 0.5953125 0.5546875
0 0.5875 0.5609375 0.603125 0.5609375 0.603125 0.5890625 0.5875 0.5890625
0 0.26875 0.63125 0.2796875 0.63125 0.2796875 0.6421875 0.26875 0.6421875
0 0.3765625 0.7375 0.3953125 0.7375 0.3953125 0.7515625 0.3765625 0.7515625
0 0.3171875 0.6875 0.334375 0.6875 0.334375 0.703125 0.3171875 0.703125
0 0.4203125 0.3984375 0.4375 0.3984375 0.4375 0.4078125 0.4203125 0.4078125
0 0.38125 0.428125 0.3984375 0.428125 0.3984375 0.4421875 0.38125 0.4421875
0 0.3875 0.40625 0.3984375 0.40625 0.3984375 0.4125 0.3875 0.4125
0 0.3625 0.3921875 0.3828125 0.3921875 0.3828125 0.40625 0.3625 0.40625
0 0.23125 0.534375 0.2421875 0.534375 0.2421875 0.5484375 0.23125 0.5484375
0 0.3 0.5703125 0.3125 0.5703125 0.3125 0.584375 0.3 0.584375
0 0.2546875 0.565625 0.275 0.565625 0.275 0.578125 0.2546875 0.578125
0 0.228125 0.596875 0.2421875 0.596875 0.2421875 0.6125 0.228125 0.6125
0 0.2421875 0.6328125 0.2578125 0.6328125 0.2578125 0.6453125 0.2421875 0.6453125
0 0.446875 0.7234375 0.4703125 0.7234375 0.4703125 0.7390625 0.446875 0.7390625
0 0.5421875 0.6125 0.5828125 0.6125 0.5828125 0.640625 0.5421875 0.640625
0 0.55 0.64375 0.58125 0.64375 0.58125 0.6625 0.55 0.6625
0 0.540625 0.584375 0.578125 0.584375 0.578125 0.6046875 0.540625 0.6046875
0 0.6078125 0.5609375 0.6234375 0.5609375 0.6234375 0.584375 0.6078125 0.584375