0 0.45625 0.7359375 0.4796875 0.7359375 0.4796875 0.753125 0.45625 0.753125
0 0.528125 0.7046875 0.559375 0.7046875 0.559375 0.7265625 0.528125 0.7265625
0 0.521875 0.634375 0.5390625 0.634375 0.5390625 0.646875 0.521875 0.646875
0 0.490625 0.4796875 0.5125 0.4796875 0.5125 0.5015625 0.490625 0.5015625
0 0.55625 0.5765625 0.571875 0.5765625 0.571875 0.596875 0.55625 0.596875
0 0.5328125 0.6046875 0.553125 0.6046875 0.553125 0.6203125 0.5328125 0.6203125
0 0.428125 0.59375 0.44375 0.59375 0.44375 0.6046875 0.428125 0.6046875
0 0.234375 0.6515625 0.2484375 0.6515625 0.2484375 0.6625 0.234375 0.6625
0 0.1921875 0.540625 0.2109375 0.540625 0.2109375 0.5578125 0.1921875 0.5578125
0 0.2265625 0.503125 0.2375 0.503125 0.2375 0.5171875 0.2265625 0.5171875
0 0.4671875 0.825 0.490625 0.825 0.490625 0.8390625 0.4671875 0.8390625
0 0.4703125 0.7921875 0.490625 0.7921875 0.490625 0.80625 0.4703125 0.80625
0 0.3453125 0.8328125 0.3609375 0.8328125 0.3609375 0.8453125 0.3453125 0.8453125
0 0.4328125 0.8390625 0.4515625 0.8390625 0.4515625 0.853125 0.4328125 0.853125
0 0.23125 0.74375 0.24375 0.74375 0.24375 0.753125 0.23125 0.753125
0 0.23125 0.715625 0.24375 0.715625 0.24375 0.7265625 0.23125 0.7265625
0 0.45 0.5375 0.4609375 0.5375 0.4609375 0.5484375 0.45 0.5484375
0 0.4578125 0.5625 0.471875 0.5625 0.471875 0.571875 0.4578125 0.571875
0 0.459375 0.59375 0.4703125 0.59375 0.4703125 0.603125 0.459375 0.603125
0 0.4328125 0.6203125 0.5046875 0.6203125 0.5046875 0.6484375 0.4328125 0.6484375
0 0.4703125 0.665625 0.4875 0.665625 0.4875 0.6796875 0.4703125 0.6796875
0 0.434375 0.671875 0.459375 0.671875 0.459375 0.6859375 0.434375 0.6859375
0 0.490625 0.7375 0.5078125 0.7375 0.5078125 0.75 0.490625 0.75
0 0.496875 0.80625 0.5125 0.80625 0.5125 0.821875 0.496875 0.821875
0 0.5171875 0.6671875 0.5375 0.6671875 0.5375 0.6796875 0.5171875 0.6796875
0 0.5796875 0.6265625 0.6078125 0.6265625 0.6078125 0.6515625 0.5796875 0.6515625
0 0.496875 0.5984375 0.515625 0.5984375 0.515625 0.6125 0.496875 0.6125
0 0.4953125 0.565625 0.51875 0.565625 0.51875 0.5828125 0.4953125 0.5828125
0 0.5515625 0.63125 0.5734375 0.63125 0.5734375 0.646875 0.5515625 0.646875
0 0.55625 0.60625 0.578125 0.60625 0.578125 0.6203125 0.55625 0.6203125