9 0.5856252640625144 0.25774036718750964 0.5911512599166144 0.24543993024213429 0.6447111482054879 0.2695012755886449 0.6391851864951832 0.28180168349250223
9 0.6035692140625315 0.23653388281250065 0.6074159277976605 0.23074451652479822 0.6479257027209542 0.2576605102741542 0.6440790009637567 0.26344986594089714
9 0.6005785578124687 0.21940556562503344 0.603623597311298 0.213745028806856 0.6430458699931023 0.23495157562234947 0.6400008407408677 0.24061210362987098
9 0.497631575000014 0.2516958578124856 0.49769485897331833 0.25114038115675696 0.5185346753445401 0.2535145544259222 0.5184713918625903 0.2540700306300146
9 0.48856481093753246 0.25774036718754445 0.48833475562457807 0.257395290678669 0.4974015218003842 0.25135078457498655 0.49763157708446215 0.25169586093920127
9 0.5510258075499905 0.311800590356304 0.5448074171282542 0.31116068042281514 0.5527628713313106 0.23385488930641635 0.5589812203580777 0.23449479704048304
9 0.45512381406251734 0.37967766249999507 0.45337521020655913 0.37860911455653845 0.4653378568203834 0.35903390446039474 0.467086457232881 0.36010245103442173
9 0.5290745939987573 0.3543928061900321 0.5317233527662211 0.3669294623361935 0.47381332695226774 0.37916413206461963 0.47116461562507084 0.36662751718746034
9 0.6438071625000248 0.362957162499983 0.6450258519824956 0.3615257457093016 0.6525309313733487 0.36791521203514854 0.6513122427242024 0.36934662804005014
9 0.6513122453125106 0.3693466249999845 0.6528975966124335 0.36878517061084115 0.6562676321499339 0.37830057313416565 0.6546822810104231 0.3788620272007019
9 0.6081911406249674 0.38171674687500207 0.607722852497318 0.3809214302175361 0.6368138306205537 0.3637931638140237 0.6372821187108002 0.3645884789492673
9 0.6106380509570499 0.3784541793451149 0.6099656011571142 0.3814018533693665 0.5871508083706658 0.3761973435302506 0.5878232609375118 0.37324967343744586