5 0.2921875 0.5046875 0.4515625 0.5046875 0.4515625 0.56875 0.2921875 0.56875
5 0.5953125 0.5046875 0.746875 0.5046875 0.746875 0.571875 0.5953125 0.571875
0 0.525 0.6078125 0.5515625 0.6078125 0.5515625 0.628125 0.525 0.628125
0 0.48125 0.634375 0.528125 0.634375 0.528125 0.6578125 0.48125 0.6578125
0 0.6328125 0.5875 0.6734375 0.5875 0.6734375 0.6078125 0.6328125 0.6078125
0 0.6390625 0.8265625 0.659375 0.8265625 0.659375 0.840625 0.6390625 0.840625
0 0.3703125 0.771875 0.396875 0.771875 0.396875 0.784375 0.3703125 0.784375
0 0.534375 0.83125 0.5546875 0.83125 0.5546875 0.8421875 0.534375 0.8421875
0 0.484375 0.840625 0.5078125 0.840625 0.5078125 0.8546875 0.484375 0.8546875
0 0.53125 0.865625 0.5546875 0.865625 0.5546875 0.8765625 0.53125 0.8765625
0 0.6453125 0.8046875 0.6625 0.8046875 0.6625 0.8203125 0.6453125 0.8203125
0 0.6296875 0.76875 0.6640625 0.76875 0.6640625 0.8046875 0.6296875 0.8046875
0 0.58125 0.3875 0.6 0.3875 0.6 0.3984375 0.58125 0.3984375
0 0.434375 0.41875 0.4484375 0.41875 0.4484375 0.434375 0.434375 0.434375
0 0.5890625 0.3578125 0.709375 0.3578125 0.709375 0.3765625 0.5890625 0.3765625
4 0.28125 0.634375 0.2953125 0.634375 0.2953125 0.65 0.28125 0.65