8 0.371875 0.3671875 0.4234375 0.3671875 0.4234375 0.4078125 0.371875 0.4078125
0 0.2921875 0.3703125 0.3375 0.3703125 0.3375 0.4109375 0.2921875 0.4109375
0 0.365625 0.4078125 0.41875 0.4078125 0.41875 0.459375 0.365625 0.459375
1 0.56875 0.459375 0.609375 0.459375 0.609375 0.4921875 0.56875 0.4921875
8 0.3125 0.45625 0.3484375 0.45625 0.3484375 0.496875 0.3125 0.496875
0 0.5359375 0.709375 0.571875 0.709375 0.571875 0.746875 0.5359375 0.746875
0 0.2640625 0.05625 0.2953125 0.05625 0.2953125 0.1078125 0.2640625 0.1078125
0 0.3203125 0.0734375 0.365625 0.0734375 0.365625 0.1140625 0.3203125 0.1140625
0 0.5265625 0.1015625 0.559375 0.1015625 0.559375 0.1421875 0.5265625 0.1421875
0 0.3609375 0.1609375 0.4140625 0.1609375 0.4140625 0.2 0.3609375 0.2
0 0.3171875 0.1640625 0.3609375 0.1640625 0.3609375 0.209375 0.3171875 0.209375
0 0.35625 0.203125 0.415625 0.203125 0.415625 0.259375 0.35625 0.259375
1 0.640625 0.228125 0.6765625 0.228125 0.6765625 0.271875 0.640625 0.271875
0 0.4734375 0.25 0.5265625 0.25 0.5265625 0.3140625 0.4734375 0.3140625