9 0.5627550875000225 0.21727031406249217 0.5595101836620415 0.19656432346776967 0.6644627847106221 0.18011688725591082 0.6677077431330645 0.2008228135067947
9 0.3472686015632007 0.1337871390624719 0.3568907856890746 0.08995434965124623 0.5616738936046204 0.13490788602226858 0.5520519240054682 0.1787404901045548
9 0.3173002828125391 0.1241544656250273 0.3111662859954549 0.09885142040188144 0.4524455436575181 0.06460227330354833 0.45857957677128525 0.08990526804977804
9 0.4001591171875134 0.15589337187499464 0.4180502885931219 0.1253314267435881 0.5942026413001713 0.228450997778317 0.5763116825114594 0.2590127588569879
9 0.5648932712782653 0.15576982794085878 0.5591191230442973 0.14554134241922848 0.6454588777269237 0.09680132535434123 0.651233026661771 0.10702979138099045
9 0.5629254671871422 0.16000465468752303 0.567898744371746 0.12995234444962442 0.7056846078623948 0.15275378185589197 0.7007114424667407 0.18280599635253852
9 0.6989195702436746 0.08459508266354121 0.6972210022034915 0.11804613761411563 0.44922352991079606 0.10545300343674659 0.45092220937499405 0.07200209531250899
9 0.6009005107057419 0.2519389828108812 0.5948873763470601 0.24392157746122703 0.6381408648248907 0.2114815693941015 0.6441539926541964 0.21949895895487556
9 0.40074648077938946 0.19043374204394042 0.41733236699235476 0.15408682744877997 0.5347409613847276 0.20766230474563888 0.5181552456643885 0.24400907438835923
9 0.28939724062502137 0.13235294062504638 0.28039515287844097 0.11883898412135568 0.39404815370471624 0.04313113854239905 0.4030502363831374 0.056645070352066014
9 0.3631082062498763 0.05174291875005546 0.3654964592261649 0.03251479869586151 0.5459999542237028 0.05493432424349759 0.5436117320303993 0.07416241959233966
9 0.5555669890429726 0.08939951084142889 0.5523554153601253 0.07149239099379102 0.668175502460258 0.050720466736838575 0.6713870935401474 0.06862756365128238
9 0.6209150328124906 0.023420479687478214 0.6325446731984812 0.007520101770646193 0.7204168081508442 0.071790317867856 0.7087871818678195 0.08769068323889986
9 0.5806100355762283 0.33496732031250004 0.5766158196356628 0.33496732031250004 0.5766158346417569 0.255446621875 0.5806100218750316 0.255446621875
9 0.32266070937498625 0.03102506875000808 0.3213167501199905 0.013300782826631212 0.4912620990940013 0.0004144899595969932 0.49260606487302994 0.018138769966231424
9 0.27233115468743563 0.12616861093747703 0.2559730355985721 0.10690045559003772 0.3735237303857275 0.0071033493369775415 0.38988183431251855 0.026371478623797136
9 0.27164170937498966 0.08738727500000686 0.2649798691752494 0.08167084425961618 0.33645417638717845 -0.0016241469016648976 0.3431160105811841 0.004092279541596891
9 0.26061057343747507 0.08428477031249396 0.24973104044056527 0.07791512934463704 0.296958124185835 -0.002750031145649349 0.30783764480838727 0.00361960496663192
9 0.2636756912133933 0.001002232790049539 0.2710625465903149 0.007311832698686685 0.21008396438969612 0.0787014229443883 0.20269711250000455 0.07239182656251955
9 0.2738592850449777 0.00694583068820975 0.28387452619722353 0.014248603268211004 0.23615351281785024 0.07969459541738305 0.22613827500003936 0.07239182656253144
9 0.23033683483902223 0.25924795132268874 0.23637816777022636 0.256010720332616 0.293090389392205 0.36184434217160966 0.28704906917175776 0.36508155471290904
9 0.29163576167366045 0.39194989590862106 0.2853680140221968 0.3989673749341043 0.22624659308644368 0.34616450018534994 0.23251431716926163 0.33914705271666695
9 0.3033562296886885 0.4141842908187656 0.30314216162310004 0.42436713383235286 0.22937138974612026 0.4228162009690887 0.22958550468752037 0.41263340624997236
9 0.257508067187473 0.5419045250000066 0.24721472009480294 0.535918749406475 0.2896159263782465 0.4630099806924892 0.2999091701001362 0.4689957181762295
9 0.3343810586480913 0.5098451808171813 0.3427320224449204 0.5137419148158453 0.3029343237182047 0.5990232335887156 0.2945833791908399 0.5951265306290311
9 0.31266374375002215 0.5729295937499979 0.3171463793273688 0.5726016319864723 0.3202488736947089 0.615002560669744 0.3157662382561739 0.6153305211717076
9 0.3462310855323949 0.9200407939857639 0.32567435083046803 0.922085909504449 0.2935600112460861 0.5993416137562266 0.31411516947105156 0.5972965787152584
9 0.4494312310400801 0.4703232553615909 0.4762896200799105 0.4726552823189363 0.4657588249908713 0.5939303881909904 0.43890043906242227 0.5915983843749973
9 0.28467375617162816 0.5289225773780232 0.3112871844411984 0.5335758217256269 0.2960485402965105 0.62072202125037 0.2694351213002619 0.6160688131822365