9 0.43014527499997257 0.056698990624948264 0.4298373380480598 0.04512110726920119 0.6329649287104075 0.039718421689019 0.6332728823695106 0.051296281037035346
9 0.4483791046875467 0.06957862031253478 0.4483092849620789 0.06888818145238525 0.45543695996877887 0.06816740545930124 0.4555067797400625 0.06885784426753577
9 0.4554995025143853 0.07488348584325415 0.4555124502314811 0.06416243604558589 0.539906334901957 0.06426432747565582 0.5398933968388064 0.0749853673493365
9 0.4299089484375145 0.08014298593754092 0.4277798717909036 0.07642062917580777 0.4462500300519423 0.06585626797244205 0.4483791067112861 0.06957862385075889
9 0.5616847908806903 0.07599108976869513 0.5616461147130849 0.07682907832194161 0.539854720505673 0.07582332584712968 0.5398933968749589 0.07498533750003276
9 0.5616847902784912 0.0770613901209894 0.561684790624895 0.07599109290456088 0.5929612499554651 0.075991096061512 0.5929612500000303 0.07706139290120739
9 0.42990894349020436 0.08014298105616978 0.43135516397342144 0.08156991424208584 0.41221911683385315 0.10096456546253936 0.41077289687495977 0.09953763281246295
9 0.5929612500000303 0.07706139218751851 0.6023949318580435 0.059345106967036106 0.7049054981408744 0.11393043495132865 0.6954718521235463 0.13164668941400884
9 0.43128352813255333 0.1169998924155114 0.43474826474255224 0.09127745698255069 0.5360085703308641 0.10491682113573882 0.5325438831630436 0.13063921136350498
9 0.5509212656248792 0.11625677187495409 0.5515859509889651 0.10802694042674715 0.5970207130416156 0.11169646937093032 0.5963560346890517 0.11992629417893516
9 0.6265812087834775 0.13848828191187393 0.6248279397102579 0.1399601548263366 0.6122830318003025 0.12501696137975996 0.6140362999999525 0.12354508906250972
9 0.6264340296875162 0.13861183906248378 0.6310169351315835 0.1362355351768528 0.6445944027243513 0.162420672109392 0.64001149838532 0.1647969743904275
9 0.6516352037371007 0.12645955279648927 0.6505308045819902 0.12919424404734653 0.6402661740697795 0.1250489141053667 0.6413705734374844 0.12231422343755148
9 0.6516282656249359 0.12647673281251914 0.6535571459012317 0.12463554084029281 0.675169794192243 0.14727738429843562 0.6732409151080674 0.14911857506728415
9 0.6732409250000728 0.14911856562498388 0.677928187794123 0.1462086751611015 0.712215535930909 0.20143838651129842 0.7075282770848617 0.20434827193358004
9 0.5029803196283638 0.11206193352681414 0.5075633075690575 0.11504780286749303 0.4845345354615347 0.15039430535315793 0.47995154949569496 0.14740843852691343
9 0.5396835338738128 0.023192161915169273 0.5410275968174574 0.007810225074361679 0.6665245491757332 0.018776047857945302 0.6651804932646428 0.03415797638714671
9 0.4313857401041332 0.11318475155388186 0.42785617088964045 0.11911093040669533 0.39477971371752574 0.09941100178991709 0.39830928281241995 0.09348482656253024
9 0.5133650484375494 0.1550487296875002 0.508987739519057 0.15450187739670737 0.513384815400741 0.11930549195229528 0.5177621178077061 0.11985234382748276
9 0.51336504317851 0.15504872838047795 0.5187038632888061 0.15637557721749282 0.5099954712893577 0.1914150839236399 0.504656651624714 0.19008823635141936
9 0.5437301234375127 0.16779327968749672 0.5412027539463224 0.16753688141673584 0.5462420828484937 0.11786356593360194 0.548769447034033 0.11811996393789866
9 0.5617079745184128 0.12284864997465113 0.5625886563127551 0.12289500131991068 0.5614574677302926 0.14438762319985707 0.5605767859375419 0.14434127187499937
9 0.5588765859374689 0.1612961046874951 0.5574315636446272 0.16114558242568194 0.5591969875546283 0.14419754367422474 0.5606420087208335 0.14434806587721202
9 0.5598845815885625 0.17011605933630253 0.5591296702983755 0.17020233424325942 0.5581216749816349 0.16138237957518228 0.5588765859375826 0.16129610468749422
9 0.568499616608392 0.203149718018589 0.5677495696431833 0.2033453248685738 0.5591345356399415 0.17031166604154854 0.5598845812500031 0.17011605937501192