0 0.5390625 0.3671875 0.5640625 0.3671875 0.5640625 0.3875 0.5390625 0.3875
0 0.5796875 0.3765625 0.61875 0.3765625 0.61875 0.4296875 0.5796875 0.4296875
0 0.6296875 0.3953125 0.709375 0.3953125 0.709375 0.4359375 0.6296875 0.4359375
0 0.35625 0.3734375 0.3984375 0.3734375 0.3984375 0.4109375 0.35625 0.4109375
0 0.3640625 0.4296875 0.3921875 0.4296875 0.3921875 0.44375 0.3640625 0.44375
0 0.3328125 0.4453125 0.346875 0.4453125 0.346875 0.4578125 0.3328125 0.4578125
0 0.540625 0.509375 0.5796875 0.509375 0.5796875 0.540625 0.540625 0.540625
0 0.4625 0.5328125 0.515625 0.5328125 0.515625 0.553125 0.4625 0.553125
0 0.453125 0.565625 0.5265625 0.565625 0.5265625 0.6203125 0.453125 0.6203125
0 0.3640625 0.45 0.3765625 0.45 0.3765625 0.4609375 0.3640625 0.4609375
0 0.325 0.5015625 0.353125 0.5015625 0.353125 0.5328125 0.325 0.5328125
0 0.3609375 0.50625 0.4078125 0.50625 0.4078125 0.546875 0.3609375 0.546875
0 0.4125 0.5265625 0.45625 0.5265625 0.45625 0.5796875 0.4125 0.5796875
0 0.396875 0.6203125 0.428125 0.6203125 0.428125 0.65 0.396875 0.65
0 0.3484375 0.559375 0.4171875 0.559375 0.4171875 0.60625 0.3484375 0.60625
0 0.4421875 0.6265625 0.4703125 0.6265625 0.4703125 0.65625 0.4421875 0.65625
0 0.4109375 0.671875 0.4390625 0.671875 0.4390625 0.7 0.4109375 0.7
0 0.475 0.7 0.496875 0.7 0.496875 0.7171875 0.475 0.7171875
0 0.49375 0.7359375 0.51875 0.7359375 0.51875 0.7515625 0.49375 0.7515625
0 0.5921875 0.728125 0.6078125 0.728125 0.6078125 0.74375 0.5921875 0.74375
0 0.5640625 0.7640625 0.5921875 0.7640625 0.5921875 0.7828125 0.5640625 0.7828125
0 0.59375 0.740625 0.6140625 0.740625 0.6140625 0.7578125 0.59375 0.7578125
0 0.6390625 0.696875 0.6875 0.696875 0.6875 0.728125 0.6390625 0.728125
0 0.671875 0.553125 0.7234375 0.553125 0.7234375 0.60625 0.671875 0.60625
0 0.5953125 0.5296875 0.6203125 0.5296875 0.6203125 0.5578125 0.5953125 0.5578125
0 0.71875 0.565625 0.74375 0.565625 0.74375 0.6046875 0.71875 0.6046875
0 0.6359375 0.34375 0.6515625 0.34375 0.6515625 0.3578125 0.6359375 0.3578125
0 0.465625 0.5109375 0.484375 0.5109375 0.484375 0.53125 0.465625 0.53125
0 0.4453125 0.665625 0.4609375 0.665625 0.4609375 0.6796875 0.4453125 0.6796875
0 0.334375 0.5453125 0.346875 0.5453125 0.346875 0.56875 0.334375 0.56875