0 0.4921875 0.55625 0.5140625 0.55625 0.5140625 0.5703125 0.4921875 0.5703125
0 0.44375 0.5640625 0.478125 0.5640625 0.478125 0.575 0.44375 0.575
0 0.428125 0.5109375 0.45625 0.5109375 0.45625 0.540625 0.428125 0.540625
0 0.43125 0.48125 0.521875 0.48125 0.521875 0.51875 0.43125 0.51875
0 0.3875 0.4578125 0.421875 0.4578125 0.421875 0.5 0.3875 0.5
0 0.315625 0.515625 0.34375 0.515625 0.34375 0.5375 0.315625 0.5375
0 0.3296875 0.4640625 0.3703125 0.4640625 0.3703125 0.496875 0.3296875 0.496875
0 0.5734375 0.3953125 0.596875 0.3953125 0.596875 0.428125 0.5734375 0.428125
0 0.6109375 0.4140625 0.6453125 0.4140625 0.6453125 0.4328125 0.6109375 0.4328125
0 0.5546875 0.4578125 0.6375 0.4578125 0.6375 0.50625 0.5546875 0.50625
0 0.54375 0.546875 0.59375 0.546875 0.59375 0.584375 0.54375 0.584375
0 0.5109375 0.51875 0.5796875 0.51875 0.5796875 0.5484375 0.5109375 0.5484375
0 0.4421875 0.5328125 0.4890625 0.5328125 0.4890625 0.5609375 0.4421875 0.5609375
0 0.5 0.5875 0.5296875 0.5875 0.5296875 0.603125 0.5 0.603125
0 0.4203125 0.6375 0.4578125 0.6375 0.4578125 0.665625 0.4203125 0.665625
0 0.39375 0.6515625 0.425 0.6515625 0.425 0.6625 0.39375 0.6625
0 0.340625 0.646875 0.3671875 0.646875 0.3671875 0.665625 0.340625 0.665625
0 0.384375 0.6875 0.4046875 0.6875 0.4046875 0.7171875 0.384375 0.7171875
0 0.33125 0.6828125 0.3671875 0.6828125 0.3671875 0.696875 0.33125 0.696875
0 0.325 0.7015625 0.340625 0.7015625 0.340625 0.715625 0.325 0.715625
0 0.484375 0.628125 0.50625 0.628125 0.50625 0.64375 0.484375 0.64375
0 0.4265625 0.5796875 0.4625 0.5796875 0.4625 0.6 0.4265625 0.6
0 0.515625 0.6453125 0.5484375 0.6453125 0.5484375 0.665625 0.515625 0.665625
0 0.2203125 0.4875 0.2796875 0.4875 0.2796875 0.5046875 0.2203125 0.5046875
0 0.2078125 0.4734375 0.2296875 0.4734375 0.2296875 0.5328125 0.2078125 0.5328125
0 0.240625 0.534375 0.2625 0.534375 0.2625 0.56875 0.240625 0.56875
0 0.26875 0.6390625 0.290625 0.6390625 0.290625 0.6515625 0.26875 0.6515625
0 0.440625 0.690625 0.4625 0.690625 0.4625 0.7015625 0.440625 0.7015625
0 0.415625 0.678125 0.440625 0.678125 0.440625 0.6875 0.415625 0.6875
0 0.321875 0.3609375 0.3484375 0.3609375 0.3484375 0.378125 0.321875 0.378125
0 0.2921875 0.3265625 0.321875 0.3265625 0.321875 0.346875 0.2921875 0.346875
0 0.265625 0.328125 0.28125 0.328125 0.28125 0.340625 0.265625 0.340625
0 0.3890625 0.325 0.41875 0.325 0.41875 0.3484375 0.3890625 0.3484375
0 0.35625 0.353125 0.378125 0.353125 0.378125 0.3671875 0.35625 0.3671875