0 0.425 0.4953125 0.4484375 0.4953125 0.4484375 0.509375 0.425 0.509375
0 0.5890625 0.578125 0.6140625 0.578125 0.6140625 0.6046875 0.5890625 0.6046875
0 0.2640625 0.5203125 0.34375 0.5203125 0.34375 0.5328125 0.2640625 0.5328125
0 0.2125 0.51875 0.2390625 0.51875 0.2390625 0.5265625 0.2125 0.5265625
0 0.278125 0.56875 0.309375 0.56875 0.309375 0.584375 0.278125 0.584375
0 0.1734375 0.578125 0.2109375 0.578125 0.2109375 0.6109375 0.1734375 0.6109375
0 0.340625 0.675 0.359375 0.675 0.359375 0.6890625 0.340625 0.6890625
0 0.5046875 0.675 0.5359375 0.675 0.5359375 0.6890625 0.5046875 0.6890625
0 0.715625 0.59375 0.7375 0.59375 0.7375 0.60625 0.715625 0.60625
0 0.65625 0.5265625 0.6828125 0.5265625 0.6828125 0.5453125 0.65625 0.5453125
0 0.528125 0.3921875 0.56875 0.3921875 0.56875 0.4125 0.528125 0.4125
0 0.515625 0.3765625 0.5359375 0.3765625 0.5359375 0.3859375 0.515625 0.3859375
0 0.4890625 0.3546875 0.509375 0.3546875 0.509375 0.3671875 0.4890625 0.3671875
0 0.4234375 0.3875 0.44375 0.3875 0.44375 0.3953125 0.4234375 0.3953125
0 0.3375 0.35 0.35625 0.35 0.35625 0.35625 0.3375 0.35625
0 0.396875 0.303125 0.409375 0.303125 0.409375 0.3125 0.396875 0.3125
0 0.640625 0.321875 0.6609375 0.321875 0.6609375 0.33125 0.640625 0.33125
0 0.559375 0.296875 0.578125 0.296875 0.578125 0.30625 0.559375 0.30625
0 0.5125 0.2921875 0.5359375 0.2921875 0.5359375 0.2984375 0.5125 0.2984375
0 0.3546875 0.3625 0.3734375 0.3625 0.3734375 0.3734375 0.3546875 0.3734375
0 0.309375 0.3546875 0.3375 0.3546875 0.3375 0.3625 0.309375 0.3625
0 0.3296875 0.3171875 0.365625 0.3171875 0.365625 0.3375 0.3296875 0.3375
0 0.2625 0.3046875 0.290625 0.3046875 0.290625 0.315625 0.2625 0.315625