9 0.6306963223805724 0.31758512352913165 0.6199464577058507 0.32311568136360685 0.5834698507397889 0.25221705779831954 0.5942196546874356 0.246686518750012
9 0.5449723207100305 0.34272203747554597 0.5044150933400715 0.280774169862934 0.6548189709446888 0.18230688665040448 0.6953761049933291 0.2442542976776377
9 0.5479768781250414 0.2773398718749661 0.567737494618882 0.25650587405692976 0.6087778424204089 0.2954308875753702 0.5890172788058408 0.31626483401192124
9 0.25667431791623585 0.26666430844975086 0.250821599649953 0.2604066717960484 0.30859817474765805 0.2063696269868097 0.3144508779799935 0.21262724580610484
9 0.2988439296874503 0.2281971937500256 0.29872314628653385 0.21742915234716292 0.4288191244443169 0.21596964949141026 0.4289399546920549 0.2267376433615833
9 0.27794448840063524 0.21612046185867653 0.27445503275328065 0.2015747894672776 0.39651060139215133 0.17229426484597357 0.4000000928947429 0.18683988097242601
9 0.38455553595440506 0.1968549856180014 0.3911103597397414 0.15646099851775094 0.520705169320081 0.17749027612884258 0.5141505185611095 0.21788410762127805
9 0.3930634184914652 0.19608403818337097 0.4415597404588425 0.2301441713690291 0.38528145077145837 0.31027398074873264 0.3367852374145741 0.27621397932242764
9 0.26994219531252384 0.2695548937499536 0.26637921878204907 0.2536816341631541 0.39674903380443993 0.22441860140479689 0.4003120655621615 0.24029177876023594
9 0.41502890156255035 0.24279402812501302 0.41656634843593565 0.23083116316510277 0.49228882920147043 0.24056262303645592 0.4907514194288751 0.2525254545295321
9 0.5179190765625208 0.2184659703124541 0.5169120236301978 0.2132997826261109 0.5863781853400951 0.1997587509584879 0.5873852469624126 0.20492492690560285
9 0.5712620222103624 0.19771017816349856 0.570762394830922 0.19423364051983089 0.6097346877327254 0.18863282062735942 0.610234318427274 0.19210935419124267
9 0.5101159713176457 0.2412509005560422 0.5051583539385547 0.2404826978133456 0.5084192382729498 0.21943887161332756 0.5133768482930918 0.22020707377131746
9 0.4904722931748893 0.2384240578650964 0.5079953122302641 0.2323726389303311 0.5331630366923719 0.30524900372162733 0.515640027302652 0.3113004034356879
9 0.5179190765625208 0.250092446874971 0.5191594261764294 0.2084312069244413 0.7480607576821967 0.21524523431225628 0.7468207546885424 0.2569061404625798
9 0.5929989261802575 0.32726597489693726 0.5889899244974686 0.3310760192582356 0.5586891473964215 0.2991938977819303 0.56269814022221 0.2953838612971912
9 0.4751443748886004 0.2787994932866134 0.4912198495997018 0.28641412272045036 0.4548037783752079 0.36329081951665276 0.43872832343754453 0.3556762218750167
9 0.5087206746103448 0.298007846345231 0.5049554674810679 0.2995794268334394 0.4873336010869025 0.25736179844294277 0.49109879546938373 0.2557902209641873
9 0.2797687859375628 0.2846382906250384 0.2782595566650343 0.27394005185061626 0.3817277861946877 0.2593436873150122 0.38323705351263015 0.2700418783051216
9 0.2688057046875656 0.19175714374996 0.266807986811159 0.185328048492187 0.3438621947605043 0.16138509641063814 0.34585992024108236 0.1678141775269006
9 0.29468304977149273 0.16778728235488896 0.30566419351748664 0.1783866571158604 0.2257266334253245 0.26120218766741854 0.2147455284773514 0.2506028528652232
9 0.21068833464198633 0.23872509505484332 0.2076167669545157 0.2356777993149094 0.27892496918559573 0.1638025261400269 0.2819965271255569 0.16684981233013954