0 0.4015625 0.6078125 0.4390625 0.6078125 0.4390625 0.6375 0.4015625 0.6375
0 0.59375 0.615625 0.621875 0.615625 0.621875 0.63125 0.59375 0.63125
0 0.471875 0.5453125 0.50625 0.5453125 0.50625 0.565625 0.471875 0.565625
0 0.5171875 0.5484375 0.540625 0.5484375 0.540625 0.559375 0.5171875 0.559375
0 0.6671875 0.4984375 0.6984375 0.4984375 0.6984375 0.51875 0.6671875 0.51875
0 0.6421875 0.4609375 0.7125 0.4609375 0.7125 0.48125 0.6421875 0.48125
0 0.340625 0.4078125 0.3703125 0.4078125 0.3703125 0.4171875 0.340625 0.4171875
0 0.409375 0.3796875 0.44375 0.3796875 0.44375 0.390625 0.409375 0.390625
0 0.4421875 0.378125 0.4890625 0.378125 0.4890625 0.3859375 0.4421875 0.3859375
0 0.396875 0.325 0.421875 0.325 0.421875 0.3375 0.396875 0.3375
0 0.196875 0.3953125 0.2203125 0.3953125 0.2203125 0.4078125 0.196875 0.4078125
0 0.2921875 0.534375 0.3234375 0.534375 0.3234375 0.553125 0.2921875 0.553125
0 0.5765625 0.5296875 0.6046875 0.5296875 0.6046875 0.540625 0.5765625 0.540625
0 0.5453125 0.546875 0.5671875 0.546875 0.5671875 0.565625 0.5453125 0.565625
0 0.3640625 0.725 0.4125 0.725 0.4125 0.740625 0.3640625 0.740625
0 0.4640625 0.7171875 0.4921875 0.7171875 0.4921875 0.728125 0.4640625 0.728125
0 0.6796875 0.5859375 0.7328125 0.5859375 0.7328125 0.5984375 0.6796875 0.5984375
0 0.796875 0.615625 0.828125 0.615625 0.828125 0.634375 0.796875 0.634375
0 0.45625 0.5703125 0.4765625 0.5703125 0.4765625 0.5828125 0.45625 0.5828125
0 0.3765625 0.5484375 0.4046875 0.5484375 0.4046875 0.5625 0.3765625 0.5625
0 0.5625 0.34375 0.59375 0.34375 0.59375 0.353125 0.5625 0.353125
0 0.475 0.34375 0.5109375 0.34375 0.5109375 0.3640625 0.475 0.3640625