0 0.2140625 0.621875 0.253125 0.621875 0.253125 0.65 0.2140625 0.65
0 0.30625 0.559375 0.33125 0.559375 0.33125 0.571875 0.30625 0.571875
0 0.28125 0.56875 0.3015625 0.56875 0.3015625 0.58125 0.28125 0.58125
0 0.31875 0.58125 0.334375 0.58125 0.334375 0.59375 0.31875 0.59375
0 0.3046875 0.621875 0.325 0.621875 0.325 0.6484375 0.3046875 0.6484375
0 0.4640625 0.58125 0.4890625 0.58125 0.4890625 0.596875 0.4640625 0.596875
0 0.4640625 0.55 0.49375 0.55 0.49375 0.5765625 0.4640625 0.5765625
0 0.6078125 0.5578125 0.625 0.5578125 0.625 0.575 0.6078125 0.575
0 0.6046875 0.5921875 0.653125 0.5921875 0.653125 0.6046875 0.6046875 0.6046875
0 0.4625 0.403125 0.4828125 0.403125 0.4828125 0.4171875 0.4625 0.4171875
0 0.371875 0.175 0.4 0.175 0.4 0.1875 0.371875 0.1875
0 0.4640625 0.3 0.4890625 0.3 0.4890625 0.3140625 0.4640625 0.3140625
0 0.4875 0.2625 0.5125 0.2625 0.5125 0.278125 0.4875 0.278125
0 0.471875 0.3546875 0.5015625 0.3546875 0.5015625 0.378125 0.471875 0.378125
0 0.528125 0.2453125 0.559375 0.2453125 0.559375 0.2578125 0.528125 0.2578125
0 0.4046875 0.321875 0.4515625 0.321875 0.4515625 0.3421875 0.4046875 0.3421875
0 0.2328125 0.65 0.28125 0.65 0.28125 0.6796875 0.2328125 0.6796875
0 0.26875 0.6234375 0.2921875 0.6234375 0.2921875 0.6421875 0.26875 0.6421875