0 0.31875 0.4125 0.3875 0.4125 0.3875 0.4453125 0.31875 0.4453125
0 0.2921875 0.7375 0.315625 0.7375 0.315625 0.75 0.2921875 0.75
0 0.35 0.7765625 0.3640625 0.7765625 0.3640625 0.7921875 0.35 0.7921875
0 0.35625 0.8421875 0.36875 0.8421875 0.36875 0.853125 0.35625 0.853125
0 0.315625 0.915625 0.34375 0.915625 0.34375 0.93125 0.315625 0.93125
0 0.340625 0.6796875 0.3765625 0.6796875 0.3765625 0.7015625 0.340625 0.7015625
0 0.371875 0.603125 0.396875 0.603125 0.396875 0.6265625 0.371875 0.6265625
0 0.1171875 0.584375 0.1484375 0.584375 0.1484375 0.6015625 0.1171875 0.6015625
0 0.43125 0.5015625 0.45 0.5015625 0.45 0.5140625 0.43125 0.5140625
0 0.428125 0.4671875 0.44375 0.4671875 0.44375 0.478125 0.428125 0.478125
0 0.3453125 0.4515625 0.365625 0.4515625 0.365625 0.4703125 0.3453125 0.4703125
0 0.2046875 0.3640625 0.2234375 0.3640625 0.2234375 0.3734375 0.2046875 0.3734375
0 0.4359375 0.846875 0.4546875 0.846875 0.4546875 0.859375 0.4359375 0.859375