0 0.4359375 0.59375 0.4625 0.59375 0.4625 0.6109375 0.4359375 0.6109375
0 0.4765625 0.60625 0.496875 0.60625 0.496875 0.6125 0.4765625 0.6125
0 0.5046875 0.5875 0.525 0.5875 0.525 0.59375 0.5046875 0.59375
0 0.6359375 0.4625 0.703125 0.4625 0.703125 0.4734375 0.6359375 0.4734375
0 0.240625 0.478125 0.265625 0.478125 0.265625 0.4859375 0.240625 0.4859375
0 0.2875 0.4765625 0.303125 0.4765625 0.303125 0.4828125 0.2875 0.4828125
0 0.2890625 0.4609375 0.30625 0.4609375 0.30625 0.46875 0.2890625 0.46875
0 0.5328125 0.2921875 0.571875 0.2921875 0.571875 0.3046875 0.5328125 0.3046875
0 0.490625 0.275 0.5140625 0.275 0.5140625 0.2859375 0.490625 0.2859375
0 0.475 0.228125 0.4953125 0.228125 0.4953125 0.24375 0.475 0.24375
0 0.4625 0.215625 0.4796875 0.215625 0.4796875 0.225 0.4625 0.225
0 0.4125 0.2109375 0.453125 0.2109375 0.453125 0.21875 0.4125 0.21875
0 0.3765625 0.2484375 0.4046875 0.2484375 0.4046875 0.2609375 0.3765625 0.2609375
0 0.3546875 0.2625 0.3859375 0.2625 0.3859375 0.2734375 0.3546875 0.2734375
0 0.3578125 0.24375 0.3734375 0.24375 0.3734375 0.2546875 0.3578125 0.2546875
0 0.334375 0.2515625 0.3484375 0.2515625 0.3484375 0.2578125 0.334375 0.2578125
0 0.5421875 0.1984375 0.571875 0.1984375 0.571875 0.20625 0.5421875 0.20625
0 0.515625 0.2046875 0.5328125 0.2046875 0.5328125 0.2140625 0.515625 0.2140625
0 0.440625 0.1796875 0.475 0.1796875 0.475 0.1890625 0.440625 0.1890625
0 0.38125 0.190625 0.4140625 0.190625 0.4140625 0.1984375 0.38125 0.1984375
0 0.303125 0.2828125 0.325 0.2828125 0.325 0.2921875 0.303125 0.2921875
0 0.25625 0.28125 0.2796875 0.28125 0.2796875 0.2890625 0.25625 0.2890625
0 0.315625 0.228125 0.3390625 0.228125 0.3390625 0.2359375 0.315625 0.2359375
0 0.3640625 0.2234375 0.4 0.2234375 0.4 0.234375 0.3640625 0.234375
0 0.8125 0.29375 0.828125 0.29375 0.828125 0.3015625 0.8125 0.3015625
0 0.7078125 0.2859375 0.7265625 0.2859375 0.7265625 0.2921875 0.7078125 0.2921875
0 0.66875 0.2484375 0.6921875 0.2484375 0.6921875 0.25625 0.66875 0.25625
0 0.6140625 0.2078125 0.640625 0.2078125 0.640625 0.21875 0.6140625 0.21875
0 0.575 0.1890625 0.6078125 0.1890625 0.6078125 0.2046875 0.575 0.2046875
0 0.615625 0.1875 0.6390625 0.1875 0.6390625 0.196875 0.615625 0.196875
0 0.61875 0.21875 0.6359375 0.21875 0.6359375 0.228125 0.61875 0.228125
0 0.5375 0.25 0.55625 0.25 0.55625 0.2578125 0.5375 0.2578125
0 0.496875 0.2484375 0.5125 0.2484375 0.5125 0.2609375 0.496875 0.2609375
0 0.403125 0.3 0.428125 0.3 0.428125 0.309375 0.403125 0.309375
0 0.3890625 0.2671875 0.41875 0.2671875 0.41875 0.2796875 0.3890625 0.2796875
0 0.465625 0.2515625 0.49375 0.2515625 0.49375 0.2625 0.465625 0.2625
0 0.434375 0.29375 0.446875 0.29375 0.446875 0.303125 0.434375 0.303125
0 0.4578125 0.3109375 0.48125 0.3109375 0.48125 0.325 0.4578125 0.325
0 0.4921875 0.2921875 0.515625 0.2921875 0.515625 0.3125 0.4921875 0.3125
0 0.4609375 0.2734375 0.48125 0.2734375 0.48125 0.284375 0.4609375 0.284375
0 0.5078125 0.2328125 0.540625 0.2328125 0.540625 0.2390625 0.5078125 0.2390625
0 0.5 0.21875 0.5171875 0.21875 0.5171875 0.2265625 0.5 0.2265625
0 0.4796875 0.209375 0.49375 0.209375 0.49375 0.21875 0.4796875 0.21875
0 0.4265625 0.196875 0.475 0.196875 0.475 0.2078125 0.4265625 0.2078125
0 0.3671875 0.5515625 0.39375 0.5515625 0.39375 0.559375 0.3671875 0.559375
0 0.28125 0.4359375 0.3140625 0.4359375 0.3140625 0.4484375 0.28125 0.4484375
0 0.5203125 0.346875 0.5375 0.346875 0.5375 0.3546875 0.5203125 0.3546875
0 0.4734375 0.3328125 0.5 0.3328125 0.5 0.340625 0.4734375 0.340625
0 0.45625 0.3609375 0.475 0.3609375 0.475 0.3671875 0.45625 0.3671875
0 0.403125 0.2 0.4234375 0.2 0.4234375 0.209375 0.403125 0.209375
0 0.4796875 0.19375 0.5015625 0.19375 0.5015625 0.196875 0.4796875 0.196875
0 0.5078125 0.275 0.5234375 0.275 0.5234375 0.2875 0.5078125 0.2875
0 0.584375 0.25 0.596875 0.25 0.596875 0.259375 0.584375 0.259375
0 0.5609375 0.2359375 0.5796875 0.2359375 0.5796875 0.24375 0.5609375 0.24375
0 0.51875 0.25625 0.5421875 0.25625 0.5421875 0.2671875 0.51875 0.2671875
0 0.3140625 0.1921875 0.334375 0.1921875 0.334375 0.2015625 0.3140625 0.2015625
0 0.66875 0.2265625 0.6828125 0.2265625 0.6828125 0.2359375 0.66875 0.2359375
0 0.615625 0.2390625 0.634375 0.2390625 0.634375 0.2453125 0.615625 0.2453125