0 0.5421875 0.490625 0.6234375 0.490625 0.6234375 0.496875 0.5421875 0.496875
0 0.3796875 0.409375 0.4015625 0.409375 0.4015625 0.415625 0.3796875 0.415625
0 0.353125 0.39375 0.3765625 0.39375 0.3765625 0.4015625 0.353125 0.4015625
0 0.353125 0.3078125 0.3796875 0.3078125 0.3796875 0.321875 0.353125 0.321875
0 0.5359375 0.2828125 0.5625 0.2828125 0.5625 0.29375 0.5359375 0.29375
0 0.4546875 0.3171875 0.48125 0.3171875 0.48125 0.328125 0.4546875 0.328125
0 0.4109375 0.30625 0.440625 0.30625 0.440625 0.3234375 0.4109375 0.3234375
0 0.490625 0.2984375 0.5328125 0.2984375 0.5328125 0.3125 0.490625 0.3125
0 0.3 0.290625 0.3546875 0.290625 0.3546875 0.303125 0.3 0.303125
0 0.303125 0.265625 0.3625 0.265625 0.3625 0.2859375 0.303125 0.2859375
0 0.275 0.2203125 0.2984375 0.2203125 0.2984375 0.23125 0.275 0.23125
0 0.396875 0.20625 0.4203125 0.20625 0.4203125 0.2140625 0.396875 0.2140625
0 0.3421875 0.209375 0.3828125 0.209375 0.3828125 0.225 0.3421875 0.225
0 0.2828125 0.2515625 0.315625 0.2515625 0.315625 0.2640625 0.2828125 0.2640625
0 0.21875 0.2953125 0.2578125 0.2953125 0.2578125 0.309375 0.21875 0.309375
0 0.2828125 0.3390625 0.30625 0.3390625 0.30625 0.35 0.2828125 0.35
0 0.4140625 0.3875 0.4359375 0.3875 0.4359375 0.396875 0.4140625 0.396875
0 0.3515625 0.3671875 0.3703125 0.3671875 0.3703125 0.375 0.3515625 0.375
0 0.315625 0.3203125 0.334375 0.3203125 0.334375 0.3296875 0.315625 0.3296875
0 0.771875 0.3 0.7890625 0.3 0.7890625 0.309375 0.771875 0.309375
0 0.7171875 0.2875 0.74375 0.2875 0.74375 0.3 0.7171875 0.3
0 0.4203125 0.2234375 0.440625 0.2234375 0.440625 0.23125 0.4203125 0.23125
0 0.35625 0.246875 0.378125 0.246875 0.378125 0.25625 0.35625 0.25625
0 0.31875 0.2484375 0.3359375 0.2484375 0.3359375 0.25625 0.31875 0.25625
0 0.20625 0.28125 0.2265625 0.28125 0.2265625 0.2875 0.20625 0.2875
0 0.64375 0.496875 0.659375 0.496875 0.659375 0.503125 0.64375 0.503125
0 0.64375 0.509375 0.6609375 0.509375 0.6609375 0.515625 0.64375 0.515625
0 0.7734375 0.4828125 0.796875 0.4828125 0.796875 0.4921875 0.7734375 0.4921875
0 0.74375 0.4484375 0.7578125 0.4484375 0.7578125 0.4546875 0.74375 0.4546875
0 0.8265625 0.3859375 0.8515625 0.3859375 0.8515625 0.396875 0.8265625 0.396875
0 0.3875 0.6453125 0.3953125 0.6453125 0.3953125 0.65625 0.3875 0.65625
0 0.6890625 0.56875 0.7203125 0.56875 0.7203125 0.578125 0.6890625 0.578125
0 0.725 0.5234375 0.740625 0.5234375 0.740625 0.534375 0.725 0.534375
0 0.4953125 0.4484375 0.5375 0.4484375 0.5375 0.4671875 0.4953125 0.4671875
0 0.553125 0.45 0.5984375 0.45 0.5984375 0.45625 0.553125 0.45625
0 0.4265625 0.209375 0.453125 0.209375 0.453125 0.2171875 0.4265625 0.2171875