9 0.6744891147225189 0.2992636436193194 0.6733040886097115 0.3115819039340897 0.4954688291210232 0.2944737052648468 0.4966539435994264 0.2821555442518598
9 0.21417280937498617 0.3823477906249737 0.211149521886 0.3738025029202852 0.30795123028553917 0.33955562451748283 0.3109745403302213 0.348100863571819
9 0.5166581477266163 0.31200529492186985 0.520693842975561 0.3309703175640476 0.29878829686776953 0.378188126975894 0.2947528606275682 0.35922333072907353
9 0.6620064839227098 0.32481266132929776 0.6618882958257473 0.32592665298502044 0.6218879162183839 0.32168293788775365 0.6220061062499553 0.3205689484374511
9 0.6669876484374981 0.326309817187545 0.6673515708362174 0.3254322340841846 0.6875268175695055 0.3337983661909609 0.6871628963094736 0.3346759483283921
9 0.5141230810719435 0.3406241651001662 0.5144517431305076 0.33468556416638956 0.653677815192168 0.34239007707366065 0.6533491984231432 0.3483286346519312
9 0.4197412843750499 0.3922371578125267 0.4212354369677769 0.3546049028988716 0.674174905585005 0.36464580286914827 0.67268132248455 0.4022774999682543
9 0.40243168783752026 0.3776187399606105 0.40179431403134913 0.37524734155146333 0.4758660917797215 0.3553393449872916 0.47650347194087317 0.3577107331941785
9 0.23650902812494223 0.41231070781251433 0.23533413591110275 0.40584879435840937 0.29528152390616924 0.39494971555295966 0.29645643480932904 0.40141160490752065
9 0.4222308515625173 0.4042812859374961 0.42987400130402875 0.403419589747661 0.43634685655490557 0.4608299472733445 0.4287037073659121 0.4616916401926996
9 0.713112060937533 0.6458664546874991 0.7364447325385299 0.6453108851929731 0.7417847240659512 0.8695424869404889 0.7184520529485781 0.8700980421917875
9 0.6362964187500211 0.5471648109374772 0.6363127754334528 0.5469822578983955 0.6489308271661685 0.5481127197471026 0.6489144706905563 0.5482952725934869
9 0.6489144718750595 0.54829525937501 0.6491133352554925 0.5469484075519866 0.6749516785325795 0.5507630733478426 0.6747528184356497 0.5521099222294026
9 0.6750455890625062 0.5522006578125376 0.6755880395058966 0.5511104295007738 0.6900533900412711 0.5583070812021105 0.689510941343201 0.5593973080236277
9 0.689510949999999 0.5593972906250356 0.6904497320839482 0.5582397854413648 0.7341788651863226 0.5937022315839948 0.7332400892772739 0.5948597310429035
9 0.32797690000006696 0.4334952921875408 0.32548789479221796 0.4209174103708535 0.4111699335023786 0.4039627576973298 0.4136589905767778 0.416540568394546
9 0.32797688388473034 0.43349526243163805 0.32856844521290895 0.43458754415450696 0.30754027491730085 0.44597536591034004 0.3069487156250261 0.4448830859374939