9 0.19075197656252385 0.3406768109375124 0.19017386761572652 0.3391515255498247 0.26371689868892645 0.3112782452830945 0.2642950101853785 0.3128035247862033
9 0.6709494213013159 0.3250155418301979 0.6711210219312989 0.32433840178812967 0.7244371670788041 0.33784924681246636 0.7242655686311537 0.33852638497402376
9 0.724265595312545 0.3385262796874476 0.7245793070750324 0.33762278390147 0.7425793658799194 0.34387253421614516 0.7422656551708542 0.3447760291079593
9 0.7422656609375053 0.344776012500021 0.7428068823237481 0.34380612666333116 0.7681455397720356 0.3579452152143089 0.767604320135888 0.358915099542134
9 0.6400365031249748 0.3456371468750088 0.6444981017822329 0.3362817838621672 0.7701820249349112 0.3962179968828916 0.7657205125483415 0.40557328643663465
9 0.6645022592641681 0.366923360598368 0.6612799320447493 0.37603132470693335 0.5786160802506402 0.34678641259602727 0.5818384282720217 0.33767849111747905
9 0.3095466809835443 0.35526874170081973 0.30762025003127746 0.3302905889818554 0.5886733678850078 0.30861339936937265 0.5906001242593675 0.3335911922428496
9 0.19976647343742115 0.3652478624999927 0.19787064845831992 0.35469259961911376 0.3214927471798319 0.33248939445472625 0.3233886263617478 0.34304458589858444
9 0.38404914218756403 0.3580265218750455 0.38350193660278364 0.3540065443089249 0.4365530171399996 0.3467853597451247 0.43710023237485984 0.35080532569371153
9 0.4502393546872554 0.3582682890624789 0.4504315200523479 0.3498804489671132 0.5809617062072903 0.3528702358675078 0.5807696013405348 0.361258018460074
9 0.6938850353969883 0.3897306592519475 0.6940135352290326 0.38951440495139483 0.7138067856080852 0.40127512602571797 0.7136782861210804 0.4014913800263638
9 0.713678293749922 0.40149136718753076 0.7141260197272459 0.40081669658966707 0.7208254269307872 0.40526234650293264 0.7203777013298804 0.4059370167675442
9 0.7394566543653127 0.43436031163620337 0.7387465412056144 0.4349625076288056 0.7186908666651561 0.4113140182427502 0.7194009781250088 0.4107118234375003
9 0.5367825970075728 0.3734737541878802 0.5378340757209799 0.3695962433975785 0.7016300695804603 0.41401054955374095 0.700578636728892 0.41788802113544005
9 0.6895213569732732 0.4470622096487993 0.6920929840800909 0.44395320250351306 0.7379254140698777 0.48186116359297976 0.735353800966891 0.48497015764690055
9 0.5170575687499195 0.4173175375000112 0.5179791330340322 0.40899493039935453 0.5900675937955384 0.4169767660962509 0.5891460714548202 0.425299334559632
9 0.6718849911355846 0.44172451814685354 0.6717051310006354 0.44280691841605263 0.6288664905031283 0.43568887680058804 0.629046353124977 0.4346064796874863
9 0.6878871025800208 0.45019363030156084 0.6870200697416067 0.45198448130787927 0.6726531214485476 0.4450292021853051 0.6735201546874805 0.44323835312502374
9 0.5112194125000542 0.4519039640624993 0.5122944392135196 0.4516123104992488 0.5188940824796191 0.47593683281211624 0.517819055968971 0.47622848585605587
9 0.4845669609375136 0.5256376640624957 0.47254860350108174 0.5244642617211286 0.4852404641007979 0.39448012083227085 0.4972586085216335 0.3956535128743497
9 0.3817082390625046 0.388101368749999 0.38153298593499585 0.3816545619485337 0.5462470011767664 0.37717628413458015 0.5464223144907692 0.3836230295881648
9 0.42294529006073844 0.37131681053964033 0.4230633012596172 0.37984097499102953 0.2744938734990683 0.38189702510594004 0.27437593593731435 0.3733729328124456
9 0.27683295625024584 0.40389893281244515 0.2771521598989466 0.39999935283246124 0.43273274762327674 0.4127332430469135 0.4324135845965884 0.4166327848020331