9 0.4876008218750485 0.2983436484375304 0.4874742239212537 0.29728062547906065 0.5610278887376126 0.28852105658679256 0.5611544897161593 0.2895840760189634
9 0.45949051621380477 0.3054740212547718 0.4601018834948718 0.30825697192864565 0.3927450582887104 0.32305357586802835 0.3921337015624431 0.3202706343750296
9 0.2951221546875331 0.3150868875000074 0.29521348401976866 0.3141101859682429 0.3523519352805806 0.3194528350213201 0.352260608872939 0.3204295338595843
9 0.4337677874999599 0.3510136000000477 0.4336398046582417 0.34957707724508835 0.5153065787503692 0.3423012951118444 0.5154345671874125 0.3437378116802214
9 0.41612462335911005 0.35294690702164255 0.41603785049096587 0.3560975673942938 0.2947846811675845 0.3527578126918577 0.2948714739827665 0.3496071727163611
9 0.48816720268484914 0.3852923163986763 0.4881445381743106 0.3844347113422391 0.5422828663923838 0.3830039470390367 0.5423055335461413 0.3838615493682476
9 0.41476972031250625 0.3922022359375423 0.41455059804752636 0.3907354931821251 0.46216885039541467 0.38362187535934655 0.4623879760777072 0.3850886139683205
9 0.4040094781244079 0.3943395552155878 0.4040094801904388 0.3948508314175864 0.3542085677230489 0.3948509793403138 0.3542085671874702 0.39433970468748736
9 0.386046665647541 0.38816218674775854 0.3859952300047098 0.3895392764777337 0.22212703468642303 0.38341805745624324 0.22217848308287103 0.38204098084017196
9 0.28906676361168593 0.42219648362229395 0.28903829358330313 0.42249581325265484 0.2756027938025909 0.4212179903086745 0.2756312640625538 0.42091866093747204
9 0.3114051316244968 0.4235319097918514 0.31137685662622516 0.4240048639742409 0.28903848686491074 0.42266944881207835 0.28906676249982866 0.4221964953124988
9 0.34199448008155287 0.4237298363819411 0.34199333822266453 0.42390636244913277 0.31140398748016196 0.4237084679084867 0.3114051296872731 0.42353194218754653
9 0.341994479687628 0.4237298968750544 0.3420079445056672 0.4235344728001039 0.3513557924311499 0.4241785066488027 0.3513423277388483 0.4243739306054032
9 0.375379657286544 0.4260299607154224 0.37534503344545556 0.42653250229052514 0.3513077035589731 0.4248764657885364 0.3513423281249288 0.4243739250000392
9 0.44929496093766375 0.42321156406255467 0.4492803024730847 0.421024792384055 0.5243768678379865 0.42052122832186556 0.5243915367879026 0.4227079895314467
9 0.44455741281785777 0.42397426144259914 0.4447198696675514 0.4259277217877107 0.4077058721076128 0.42900572126326947 0.40754342031243596 0.4270522656250376
9 0.41568614687503214 0.4403417437500121 0.41785784920580227 0.4392773034630374 0.4606731538015083 0.5266243355729413 0.45850145641600193 0.5276887682349483
9 0.6536651531250754 0.41347388593745965 0.654863427888813 0.4035984058238811 0.7440379539365267 0.4144179485013415 0.7428397408087903 0.4242933722163847
9 0.6012094781250426 0.42147053750002905 0.6008220099183745 0.4189289093413655 0.6532777042182261 0.4109324385525278 0.6536651793825285 0.41347405817261546
9 0.8300806564050163 0.47708270222034443 0.8332307092173323 0.48081690146294903 0.779856617604878 0.5258380902783789 0.776706585937518 0.5221039109375142
9 0.8445361087257197 0.48755249590403066 0.8490794926996159 0.49495804352134715 0.7756900942697484 0.5399794072611994 0.7711467671874743 0.5325739093749771
9 0.8502959764551861 0.5107344428472981 0.8507690619198911 0.5119442654801416 0.7788476078659414 0.5400657229366539 0.7783745312500514 0.5388559078124655