0 0.525 0.2578125 0.55 0.2578125 0.55 0.271875 0.525 0.271875
0 0.5390625 0.234375 0.56875 0.234375 0.56875 0.246875 0.5390625 0.246875
0 0.5703125 0.2375 0.5984375 0.2375 0.5984375 0.25 0.5703125 0.25
0 0.6484375 0.196875 0.6734375 0.196875 0.6734375 0.2125 0.6484375 0.2125
0 0.590625 0.1765625 0.6125 0.1765625 0.6125 0.1921875 0.590625 0.1921875
0 0.5015625 0.1703125 0.528125 0.1703125 0.528125 0.19375 0.5015625 0.19375
0 0.45625 0.2421875 0.4796875 0.2421875 0.4796875 0.25625 0.45625 0.25625
0 0.4078125 0.271875 0.428125 0.271875 0.428125 0.2859375 0.4078125 0.2859375
0 0.4671875 0.315625 0.515625 0.315625 0.515625 0.3453125 0.4671875 0.3453125
0 0.546875 0.31875 0.5703125 0.31875 0.5703125 0.334375 0.546875 0.334375
0 0.584375 0.25625 0.5984375 0.25625 0.5984375 0.2671875 0.584375 0.2671875
0 0.63125 0.2359375 0.6625 0.2359375 0.6625 0.2625 0.63125 0.2625
0 0.5015625 0.3953125 0.534375 0.3953125 0.534375 0.415625 0.5015625 0.415625
0 0.35 0.1890625 0.3875 0.1890625 0.3875 0.20625 0.35 0.20625
0 0.34375 0.1453125 0.3765625 0.1453125 0.3765625 0.1796875 0.34375 0.1796875
0 0.4078125 0.2046875 0.4296875 0.2046875 0.4296875 0.21875 0.4078125 0.21875
0 0.34375 0.246875 0.3953125 0.246875 0.3953125 0.2734375 0.34375 0.2734375
0 0.3546875 0.2328125 0.371875 0.2328125 0.371875 0.2421875 0.3546875 0.2421875
0 0.2140625 0.26875 0.259375 0.26875 0.259375 0.284375 0.2140625 0.284375
0 0.2609375 0.2875 0.296875 0.2875 0.296875 0.328125 0.2609375 0.328125
0 0.2484375 0.3140625 0.265625 0.3140625 0.265625 0.33125 0.2484375 0.33125
0 0.2890625 0.2078125 0.30625 0.2078125 0.30625 0.228125 0.2890625 0.228125
0 0.28125 0.2375 0.3109375 0.2375 0.3109375 0.2515625 0.28125 0.2515625
0 0.253125 0.2171875 0.265625 0.2171875 0.265625 0.2328125 0.253125 0.2328125
0 0.315625 0.2359375 0.340625 0.2359375 0.340625 0.26875 0.315625 0.26875
0 0.30625 0.2 0.334375 0.2 0.334375 0.2265625 0.30625 0.2265625
0 0.45 0.2734375 0.4671875 0.2734375 0.4671875 0.2859375 0.45 0.2859375
0 0.4359375 0.2421875 0.4484375 0.2421875 0.4484375 0.2546875 0.4359375 0.2546875
0 0.4703125 0.3 0.4875 0.3 0.4875 0.3109375 0.4703125 0.3109375
0 0.625 0.171875 0.6390625 0.171875 0.6390625 0.184375 0.625 0.184375
0 0.546875 0.1578125 0.5609375 0.1578125 0.5609375 0.16875 0.546875 0.16875
0 0.7171875 0.559375 0.740625 0.559375 0.740625 0.5796875 0.7171875 0.5796875