0 0.340625 0.15 0.3671875 0.15 0.3671875 0.165625 0.340625 0.165625
0 0.3234375 0.1765625 0.3421875 0.1765625 0.3421875 0.184375 0.3234375 0.184375
0 0.3078125 0.228125 0.33125 0.228125 0.33125 0.2421875 0.3078125 0.2421875
0 0.46875 0.2234375 0.4921875 0.2234375 0.4921875 0.234375 0.46875 0.234375
0 0.490625 0.2328125 0.528125 0.2328125 0.528125 0.24375 0.490625 0.24375
0 0.4921875 0.1421875 0.5046875 0.1421875 0.5046875 0.1546875 0.4921875 0.1546875
0 0.5078125 0.1734375 0.521875 0.1734375 0.521875 0.18125 0.5078125 0.18125
0 0.525 0.1734375 0.5390625 0.1734375 0.5390625 0.18125 0.525 0.18125
0 0.5546875 0.1984375 0.571875 0.1984375 0.571875 0.2078125 0.5546875 0.2078125
0 0.603125 0.2328125 0.6234375 0.2328125 0.6234375 0.246875 0.603125 0.246875
0 0.559375 0.25625 0.5796875 0.25625 0.5796875 0.26875 0.559375 0.26875
0 0.5625 0.2375 0.5796875 0.2375 0.5796875 0.2484375 0.5625 0.2484375
0 0.4 0.2625 0.4171875 0.2625 0.4171875 0.2765625 0.4 0.2765625
0 0.3921875 0.25 0.4140625 0.25 0.4140625 0.2609375 0.3921875 0.2609375
0 0.3484375 0.234375 0.38125 0.234375 0.38125 0.2515625 0.3484375 0.2515625
0 0.2421875 0.309375 0.2640625 0.309375 0.2640625 0.3421875 0.2421875 0.3421875
0 0.1953125 0.315625 0.2140625 0.315625 0.2140625 0.3328125 0.1953125 0.3328125
0 0.6625 0.2390625 0.68125 0.2390625 0.68125 0.2546875 0.6625 0.2546875
0 0.615625 0.3046875 0.6234375 0.3046875 0.6234375 0.315625 0.615625 0.315625
0 0.6375 0.1765625 0.653125 0.1765625 0.653125 0.196875 0.6375 0.196875
0 0.35 0.165625 0.3671875 0.165625 0.3671875 0.178125 0.35 0.178125
0 0.5359375 0.2265625 0.55 0.2265625 0.55 0.2359375 0.5359375 0.2359375
0 0.2296875 0.5734375 0.2484375 0.5734375 0.2484375 0.5875 0.2296875 0.5875
0 0.2859375 0.3828125 0.2984375 0.3828125 0.2984375 0.39375 0.2859375 0.39375
0 0.3328125 0.625 0.346875 0.625 0.346875 0.634375 0.3328125 0.634375