0 0.434375 0.4890625 0.459375 0.4890625 0.459375 0.5140625 0.434375 0.5140625
0 0.4734375 0.50625 0.5375 0.50625 0.5375 0.521875 0.4734375 0.521875
0 0.565625 0.7140625 0.5796875 0.7140625 0.5796875 0.728125 0.565625 0.728125
0 0.64375 0.5546875 0.6609375 0.5546875 0.6609375 0.56875 0.64375 0.56875
0 0.6703125 0.5390625 0.6859375 0.5390625 0.6859375 0.55 0.6703125 0.55
0 0.671875 0.55625 0.6796875 0.55625 0.6796875 0.565625 0.671875 0.565625
0 0.6390625 0.5921875 0.65 0.5921875 0.65 0.6015625 0.6390625 0.6015625
0 0.7171875 0.5171875 0.73125 0.5171875 0.73125 0.5328125 0.7171875 0.5328125
0 0.7296875 0.5625 0.746875 0.5625 0.746875 0.5796875 0.7296875 0.5796875
0 0.665625 0.3578125 0.6859375 0.3578125 0.6859375 0.3828125 0.665625 0.3828125
0 0.5171875 0.28125 0.53125 0.28125 0.53125 0.29375 0.5171875 0.29375
0 0.4171875 0.2078125 0.43125 0.2078125 0.43125 0.21875 0.4171875 0.21875
0 0.446875 0.1984375 0.465625 0.1984375 0.465625 0.2140625 0.446875 0.2140625
0 0.3921875 0.1921875 0.4046875 0.1921875 0.4046875 0.2015625 0.3921875 0.2015625
0 0.35625 0.203125 0.3734375 0.203125 0.3734375 0.2171875 0.35625 0.2171875
0 0.25625 0.28125 0.2671875 0.28125 0.2671875 0.29375 0.25625 0.29375
0 0.284375 0.2265625 0.2953125 0.2265625 0.2953125 0.2375 0.284375 0.2375
0 0.29375 0.2125 0.30625 0.2125 0.30625 0.2234375 0.29375 0.2234375
0 0.34375 0.2546875 0.3609375 0.2546875 0.3609375 0.26875 0.34375 0.26875
0 0.3328125 0.2515625 0.35 0.2515625 0.35 0.2609375 0.3328125 0.2609375
0 0.315625 0.259375 0.340625 0.259375 0.340625 0.2734375 0.315625 0.2734375
0 0.309375 0.2765625 0.3234375 0.2765625 0.3234375 0.2921875 0.309375 0.2921875
0 0.2890625 0.31875 0.3125 0.31875 0.3125 0.334375 0.2890625 0.334375
0 0.275 0.340625 0.2890625 0.340625 0.2890625 0.353125 0.275 0.353125
0 0.3484375 0.34375 0.36875 0.34375 0.36875 0.3546875 0.3484375 0.3546875
0 0.3546875 0.2671875 0.375 0.2671875 0.375 0.2796875 0.3546875 0.2796875
0 0.315625 0.29375 0.340625 0.29375 0.340625 0.303125 0.315625 0.303125
0 0.3265625 0.2765625 0.3453125 0.2765625 0.3453125 0.2859375 0.3265625 0.2859375
0 0.4109375 0.2390625 0.4578125 0.2390625 0.4578125 0.2515625 0.4109375 0.2515625
4 0.3171875 0.2515625 0.4546875 0.2515625 0.4546875 0.2890625 0.3171875 0.2890625
0 0.2234375 0.259375 0.2421875 0.259375 0.2421875 0.2859375 0.2234375 0.2859375
0 0.2703125 0.2515625 0.2953125 0.2515625 0.2953125 0.278125 0.2703125 0.278125
0 0.521875 0.2421875 0.5390625 0.2421875 0.5390625 0.253125 0.521875 0.253125
0 0.55 0.253125 0.5671875 0.253125 0.5671875 0.2640625 0.55 0.2640625