1 0.33125 0.4109375 0.34375 0.4109375 0.34375 0.421875 0.33125 0.421875
1 0.5 0.4796875 0.521875 0.4796875 0.521875 0.4890625 0.5 0.4890625
1 0.496875 0.496875 0.5125 0.496875 0.5125 0.509375 0.496875 0.509375
1 0.496875 0.4375 0.55625 0.4375 0.55625 0.471875 0.496875 0.471875
1 0.5953125 0.49375 0.6109375 0.49375 0.6109375 0.5078125 0.5953125 0.5078125
1 0.5828125 0.4671875 0.609375 0.4671875 0.609375 0.478125 0.5828125 0.478125
1 0.5015625 0.584375 0.5234375 0.584375 0.5234375 0.6046875 0.5015625 0.6046875
1 0.490625 0.565625 0.50625 0.565625 0.50625 0.578125 0.490625 0.578125
1 0.528125 0.575 0.5546875 0.575 0.5546875 0.59375 0.528125 0.59375
1 0.53125 0.540625 0.5578125 0.540625 0.5578125 0.559375 0.53125 0.559375
1 0.540625 0.4703125 0.5765625 0.4703125 0.5765625 0.5015625 0.540625 0.5015625
1 0.6078125 0.4765625 0.6390625 0.4765625 0.6390625 0.534375 0.6078125 0.534375
1 0.39375 0.2390625 0.4234375 0.2390625 0.4234375 0.253125 0.39375 0.253125
1 0.33125 0.253125 0.3609375 0.253125 0.3609375 0.2625 0.33125 0.2625
1 0.3703125 0.246875 0.384375 0.246875 0.384375 0.2578125 0.3703125 0.2578125
1 0.5953125 0.28125 0.615625 0.28125 0.615625 0.2953125 0.5953125 0.2953125
1 0.559375 0.2484375 0.571875 0.2484375 0.571875 0.2609375 0.559375 0.2609375
1 0.5453125 0.403125 0.5609375 0.403125 0.5609375 0.4171875 0.5453125 0.4171875
1 0.5984375 0.45625 0.628125 0.45625 0.628125 0.465625 0.5984375 0.465625
1 0.565625 0.578125 0.578125 0.578125 0.578125 0.596875 0.565625 0.596875
1 0.51875 0.478125 0.5375 0.478125 0.5375 0.5 0.51875 0.5
9 0.38125 0.5078125 0.46875 0.5078125 0.46875 0.5703125 0.38125 0.5703125