0 0.428125 0.69375 0.48125 0.69375 0.48125 0.73125 0.428125 0.73125
0 0.6875 0.5796875 0.71875 0.5796875 0.71875 0.61875 0.6875 0.61875
0 0.775 0.5765625 0.8078125 0.5765625 0.8078125 0.603125 0.775 0.603125
0 0.7953125 0.6 0.8125 0.6 0.8125 0.6296875 0.7953125 0.6296875
0 0.8125 0.3890625 0.8328125 0.3890625 0.8328125 0.415625 0.8125 0.415625
0 0.3859375 0.284375 0.434375 0.284375 0.434375 0.3078125 0.3859375 0.3078125
0 0.3296875 0.565625 0.359375 0.565625 0.359375 0.596875 0.3296875 0.596875
0 0.4046875 0.5984375 0.434375 0.5984375 0.434375 0.6234375 0.4046875 0.6234375
0 0.70625 0.4359375 0.734375 0.4359375 0.734375 0.4578125 0.70625 0.4578125
0 0.60625 0.171875 0.6203125 0.171875 0.6203125 0.1890625 0.60625 0.1890625
0 0.6328125 0.1234375 0.6625 0.1234375 0.6625 0.1421875 0.6328125 0.1421875
0 0.6 0.08125 0.6328125 0.08125 0.6328125 0.10625 0.6 0.10625
0 0.45625 0.590625 0.4859375 0.590625 0.4859375 0.6125 0.45625 0.6125
0 0.590625 0.5296875 0.6171875 0.5296875 0.6171875 0.55 0.590625 0.55
0 0.3875 0.6890625 0.3984375 0.6890625 0.3984375 0.70625 0.3875 0.70625
0 0.4359375 0.7796875 0.46875 0.7796875 0.46875 0.803125 0.4359375 0.803125
0 0.7171875 0.678125 0.746875 0.678125 0.746875 0.7078125 0.7171875 0.7078125