4 0.525 0.4953125 0.58125 0.4953125 0.58125 0.54375 0.525 0.54375
4 0.2875 0.509375 0.35625 0.509375 0.35625 0.565625 0.2875 0.565625
9 0.3421875 0.346875 0.40625 0.346875 0.40625 0.3609375 0.3421875 0.3609375
9 0.35 0.365625 0.4515625 0.365625 0.4515625 0.3734375 0.35 0.3734375
9 0.5265625 0.3734375 0.6015625 0.3734375 0.6015625 0.4046875 0.5265625 0.4046875
9 0.509375 0.3421875 0.578125 0.3421875 0.578125 0.365625 0.509375 0.365625
9 0.3234375 0.5328125 0.3859375 0.5328125 0.3859375 0.5890625 0.3234375 0.5890625
9 0.540625 0.5609375 0.5859375 0.5609375 0.5859375 0.60625 0.540625 0.60625
4 0.4375 0.421875 0.4890625 0.421875 0.4890625 0.4515625 0.4375 0.4515625
9 0.26875 0.4703125 0.3 0.4703125 0.3 0.475 0.26875 0.475
9 0.2828125 0.4890625 0.303125 0.4890625 0.303125 0.5046875 0.2828125 0.5046875
9 0.275 0.484375 0.290625 0.484375 0.290625 0.49375 0.275 0.49375
9 0.271875 0.478125 0.290625 0.478125 0.290625 0.4890625 0.271875 0.4890625
9 0.615625 0.4859375 0.6296875 0.4859375 0.6296875 0.5 0.615625 0.5
9 0.6046875 0.490625 0.6171875 0.490625 0.6171875 0.4984375 0.6046875 0.4984375