9 0.4829182875000697 0.17729147812500165 0.48268842714776383 0.17287313744794378 0.6080253770542186 0.16635243877983166 0.6082552511228414 0.1707707651260346
9 0.6180211218750173 0.17190001249999368 0.6182124675910927 0.1709584146672661 0.6617569394376233 0.1798071452943747 0.6615655950002974 0.18074874201195146
9 0.6616472125000428 0.1803471062500504 0.6624127682582639 0.17787905952891048 0.7148122195617361 0.19413248555818366 0.7140466683625846 0.1966005283713746
9 0.8206614781249755 0.20362189531248423 0.8184274465811541 0.1931233692460576 0.9009177412198142 0.17556997775896332 0.9031517911971605 0.186068477974032
9 0.5226070046873019 0.1334074484375095 0.5240883619092074 0.11120718436429994 0.7572325565588471 0.1267636951924013 0.7557513091824148 0.1489638520972739
9 0.6962631500000498 0.17518937968749415 0.7217346051804725 0.1702731739946695 0.7457437244419225 0.2946654745612843 0.7202722755405375 0.29958165795736363
9 0.5681789874997776 0.07957637343754424 0.5681789880763972 0.07840612972578424 0.5965447486147468 0.07840613974883216 0.5965447484380775 0.07957638305413714
9 0.5681408941793507 0.0792451120498384 0.5682346501205302 0.08006041831097567 0.49920659576753224 0.08799824455543272 0.4991128406250027 0.08718293906253372
9 0.7107860014386915 0.0895233245139175 0.7105697699671509 0.09176244047853095 0.6172008562163 0.08274574879715083 0.617417090173717 0.08050663529720313
9 0.7524268336402429 0.09846879463940254 0.752032045459373 0.10030653650414913 0.7103912031955133 0.09136116104727729 0.7107859921874251 0.08952342031248067
9 0.7579333652852256 0.09956976169173537 0.7581390658000373 0.09762052209922681 0.8292796245875707 0.10512782458491424 0.8290739264425611 0.10707706199834872