0 0.5765625 0.8046875 0.6015625 0.8046875 0.6015625 0.8265625 0.5765625 0.8265625
0 0.5796875 0.846875 0.603125 0.846875 0.603125 0.8734375 0.5796875 0.8734375
0 0.4375 0.88125 0.4703125 0.88125 0.4703125 0.9015625 0.4375 0.9015625
0 0.7390625 0.7890625 0.753125 0.7890625 0.753125 0.80625 0.7390625 0.80625
0 0.7328125 0.7546875 0.75 0.7546875 0.75 0.76875 0.7328125 0.76875
0 0.6953125 0.7515625 0.7109375 0.7515625 0.7109375 0.7671875 0.6953125 0.7671875
0 0.69375 0.8078125 0.7203125 0.8078125 0.7203125 0.8234375 0.69375 0.8234375
0 0.7046875 0.778125 0.73125 0.778125 0.73125 0.79375 0.7046875 0.79375
0 0.5578125 0.6109375 0.5875 0.6109375 0.5875 0.640625 0.5578125 0.640625
0 0.590625 0.5796875 0.6125 0.5796875 0.6125 0.5890625 0.590625 0.5890625
0 0.6875 0.4875 0.7296875 0.4875 0.7296875 0.5171875 0.6875 0.5171875
0 0.6296875 0.5515625 0.65 0.5515625 0.65 0.5640625 0.6296875 0.5640625
0 0.6609375 0.6203125 0.684375 0.6203125 0.684375 0.634375 0.6609375 0.634375
0 0.646875 0.678125 0.6640625 0.678125 0.6640625 0.6859375 0.646875 0.6859375
0 0.6234375 0.7265625 0.6421875 0.7265625 0.6421875 0.7390625 0.6234375 0.7390625
0 0.80625 0.7390625 0.821875 0.7390625 0.821875 0.7484375 0.80625 0.7484375
0 0.696875 0.6875 0.7171875 0.6875 0.7171875 0.7140625 0.696875 0.7140625
0 0.74375 0.5640625 0.76875 0.5640625 0.76875 0.5953125 0.74375 0.5953125
0 0.753125 0.4515625 0.765625 0.4515625 0.765625 0.4640625 0.753125 0.4640625
0 0.5296875 0.803125 0.55625 0.803125 0.55625 0.8234375 0.5296875 0.8234375