0 0.359375 0.4265625 0.3796875 0.4265625 0.3796875 0.446875 0.359375 0.446875
0 0.25625 0.571875 0.2640625 0.571875 0.2640625 0.584375 0.25625 0.584375
0 0.365625 0.5578125 0.375 0.5578125 0.375 0.5703125 0.365625 0.5703125
0 0.5515625 0.7296875 0.565625 0.7296875 0.565625 0.746875 0.5515625 0.746875
0 0.4765625 0.771875 0.4953125 0.771875 0.4953125 0.79375 0.4765625 0.79375
0 0.615625 0.840625 0.628125 0.840625 0.628125 0.853125 0.615625 0.853125
0 0.6390625 0.81875 0.6515625 0.81875 0.6515625 0.83125 0.6390625 0.83125
0 0.709375 0.884375 0.7265625 0.884375 0.7265625 0.9 0.709375 0.9
0 0.7515625 0.9078125 0.76875 0.9078125 0.76875 0.91875 0.7515625 0.91875
0 0.6515625 0.8390625 0.66875 0.8390625 0.66875 0.8515625 0.6515625 0.8515625
0 0.6359375 0.85625 0.65 0.85625 0.65 0.8671875 0.6359375 0.8671875
0 0.3359375 0.7921875 0.353125 0.7921875 0.353125 0.81875 0.3359375 0.81875
0 0.465625 0.85625 0.5078125 0.85625 0.5078125 0.884375 0.465625 0.884375
0 0.31875 0.6578125 0.3359375 0.6578125 0.3359375 0.6734375 0.31875 0.6734375
0 0.340625 0.6859375 0.3578125 0.6859375 0.3578125 0.696875 0.340625 0.696875
0 0.278125 0.603125 0.2953125 0.603125 0.2953125 0.6109375 0.278125 0.6109375
0 0.3234375 0.521875 0.3359375 0.521875 0.3359375 0.5421875 0.3234375 0.5421875
0 0.5859375 0.66875 0.6109375 0.66875 0.6109375 0.6859375 0.5859375 0.6859375
0 0.6984375 0.8640625 0.709375 0.8640625 0.709375 0.8765625 0.6984375 0.8765625