5 0.2609375 0.378125 0.4046875 0.378125 0.4046875 0.446875 0.2609375 0.446875
5 0.534375 0.3734375 0.70625 0.3734375 0.70625 0.440625 0.534375 0.440625
4 0.353125 0.4390625 0.396875 0.4390625 0.396875 0.4765625 0.353125 0.4765625
4 0.559375 0.4453125 0.596875 0.4453125 0.596875 0.4875 0.559375 0.4875
1 0.4515625 0.390625 0.465625 0.390625 0.465625 0.425 0.4515625 0.425
0 0.6671875 0.440625 0.6859375 0.440625 0.6859375 0.453125 0.6671875 0.453125
0 0.515625 0.16875 0.5484375 0.16875 0.5484375 0.1875 0.515625 0.1875
9 0.4859375 0.2109375 0.55625 0.2109375 0.55625 0.2203125 0.4859375 0.2203125
0 0.6109375 0.15 0.646875 0.15 0.646875 0.1828125 0.6109375 0.1828125
0 0.428125 0.178125 0.4640625 0.178125 0.4640625 0.209375 0.428125 0.209375
0 0.496875 0.2859375 0.5203125 0.2859375 0.5203125 0.30625 0.496875 0.30625
0 0.51875 0.240625 0.54375 0.240625 0.54375 0.278125 0.51875 0.278125
0 0.4625 0.11875 0.4890625 0.11875 0.4890625 0.13125 0.4625 0.13125
0 0.55625 0.1421875 0.584375 0.1421875 0.584375 0.1546875 0.55625 0.1546875
0 0.4765625 0.1390625 0.5296875 0.1390625 0.5296875 0.153125 0.4765625 0.153125
0 0.4078125 0.1359375 0.4234375 0.1359375 0.4234375 0.1484375 0.4078125 0.1484375
0 0.35625 0.146875 0.375 0.146875 0.375 0.1609375 0.35625 0.1609375
0 0.4921875 0.6828125 0.5125 0.6828125 0.5125 0.7 0.4921875 0.7
0 0.621875 0.4625 0.6359375 0.4625 0.6359375 0.4734375 0.621875 0.4734375
0 0.696875 0.415625 0.7171875 0.415625 0.7171875 0.43125 0.696875 0.43125
0 0.5671875 0.4546875 0.58125 0.4546875 0.58125 0.4796875 0.5671875 0.4796875
0 0.3828125 0.1921875 0.403125 0.1921875 0.403125 0.20625 0.3828125 0.20625