0 0.2953125 0.30625 0.321875 0.30625 0.321875 0.3265625 0.2953125 0.3265625
0 0.3734375 0.3578125 0.4046875 0.3578125 0.4046875 0.3765625 0.3734375 0.3765625
0 0.3921875 0.2828125 0.4125 0.2828125 0.4125 0.3078125 0.3921875 0.3078125
0 0.35625 0.2703125 0.375 0.2703125 0.375 0.290625 0.35625 0.290625
0 0.35 0.3046875 0.3640625 0.3046875 0.3640625 0.3375 0.35 0.3375
0 0.9 0.09375 0.91875 0.09375 0.91875 0.1296875 0.9 0.1296875
0 0.8859375 0.178125 0.915625 0.178125 0.915625 0.2078125 0.8859375 0.2078125
0 0.865625 0.215625 0.9015625 0.215625 0.9015625 0.24375 0.865625 0.24375
0 0.775 0.015625 0.8015625 0.015625 0.8015625 0.040625 0.775 0.040625
0 0.4609375 0.1796875 0.490625 0.1796875 0.490625 0.21875 0.4609375 0.21875
0 0.4359375 0.1203125 0.475 0.1203125 0.475 0.1421875 0.4359375 0.1421875
0 0.8046875 0.3140625 0.825 0.3140625 0.825 0.328125 0.8046875 0.328125
1 0.7421875 0.4296875 0.8265625 0.4296875 0.8265625 0.4546875 0.7421875 0.4546875
0 0.728125 0.6859375 0.7453125 0.6859375 0.7453125 0.709375 0.728125 0.709375
0 0.396875 0.428125 0.415625 0.428125 0.415625 0.4453125 0.396875 0.4453125
0 0.3953125 0.2265625 0.409375 0.2265625 0.409375 0.2453125 0.3953125 0.2453125
0 0.759375 0.34375 0.7734375 0.34375 0.7734375 0.359375 0.759375 0.359375