0 0.4203125 0.421875 0.45 0.421875 0.45 0.4453125 0.4203125 0.4453125
0 0.625 0.36875 0.6578125 0.36875 0.6578125 0.40625 0.625 0.40625
0 0.6703125 0.4734375 0.69375 0.4734375 0.69375 0.503125 0.6703125 0.503125
0 0.5921875 0.4828125 0.615625 0.4828125 0.615625 0.5046875 0.5921875 0.5046875
0 0.565625 0.2921875 0.596875 0.2921875 0.596875 0.3203125 0.565625 0.3203125
0 0.5546875 0.2421875 0.60625 0.2421875 0.60625 0.2859375 0.5546875 0.2859375
0 0.15625 0.140625 0.18125 0.140625 0.18125 0.1734375 0.15625 0.1734375
0 0.1625 0.2203125 0.184375 0.2203125 0.184375 0.253125 0.1625 0.253125
0 0.1015625 0.1765625 0.121875 0.1765625 0.121875 0.2234375 0.1015625 0.2234375
0 0.121875 0.1109375 0.1421875 0.1109375 0.1421875 0.128125 0.121875 0.128125
0 0.1484375 0.2796875 0.175 0.2796875 0.175 0.3015625 0.1484375 0.3015625
0 0.24375 0.0921875 0.278125 0.0921875 0.278125 0.1140625 0.24375 0.1140625
1 0.1453125 0.5171875 0.2 0.5171875 0.2 0.5375 0.1453125 0.5375
0 0.4640625 0.7375 0.4890625 0.7375 0.4890625 0.75625 0.4640625 0.75625
0 0.284375 0.7546875 0.309375 0.7546875 0.309375 0.7734375 0.284375 0.7734375
0 0.48125 0.390625 0.5140625 0.390625 0.5140625 0.4125 0.48125 0.4125
0 0.5890625 0.3765625 0.6078125 0.3765625 0.6078125 0.3953125 0.5890625 0.3953125