0 0.4953125 0.171875 0.515625 0.171875 0.515625 0.1828125 0.4953125 0.1828125
0 0.51875 0.178125 0.54375 0.178125 0.54375 0.1890625 0.51875 0.1890625
0 0.5109375 0.2734375 0.540625 0.2734375 0.540625 0.2859375 0.5109375 0.2859375
0 0.55625 0.2140625 0.5671875 0.2140625 0.5671875 0.2265625 0.55625 0.2265625
0 0.4828125 0.325 0.5 0.325 0.5 0.340625 0.4828125 0.340625
4 0.609375 0.4546875 0.7484375 0.4546875 0.7484375 0.5421875 0.609375 0.5421875
0 0.7203125 0.5859375 0.746875 0.5859375 0.746875 0.6015625 0.7203125 0.6015625
0 0.471875 0.5484375 0.509375 0.5484375 0.509375 0.565625 0.471875 0.565625
0 0.4484375 0.4 0.4796875 0.4 0.4796875 0.421875 0.4484375 0.421875
0 0.2109375 0.4359375 0.23125 0.4359375 0.23125 0.45 0.2109375 0.45
0 0.296875 0.5125 0.31875 0.5125 0.31875 0.528125 0.296875 0.528125
0 0.409375 0.690625 0.44375 0.690625 0.44375 0.70625 0.409375 0.70625
0 0.4390625 0.7078125 0.4578125 0.7078125 0.4578125 0.7171875 0.4390625 0.7171875
0 0.5046875 0.68125 0.5359375 0.68125 0.5359375 0.6953125 0.5046875 0.6953125
0 0.4171875 0.11875 0.446875 0.11875 0.446875 0.1328125 0.4171875 0.1328125