0 0.3828125 0.4359375 0.4234375 0.4359375 0.4234375 0.4609375 0.3828125 0.4609375
0 0.3296875 0.465625 0.353125 0.465625 0.353125 0.4890625 0.3296875 0.4890625
0 0.1796875 0.4625 0.2015625 0.4625 0.2015625 0.478125 0.1796875 0.478125
4 0.525 0.4640625 0.6984375 0.4640625 0.6984375 0.5671875 0.525 0.5671875
0 0.753125 0.49375 0.7765625 0.49375 0.7765625 0.515625 0.753125 0.515625
0 0.709375 0.565625 0.7578125 0.565625 0.7578125 0.5921875 0.709375 0.5921875
0 0.3234375 0.2328125 0.3625 0.2328125 0.3625 0.253125 0.3234375 0.253125
0 0.2796875 0.178125 0.3203125 0.178125 0.3203125 0.196875 0.2796875 0.196875
0 0.3640625 0.1703125 0.415625 0.1703125 0.415625 0.2 0.3640625 0.2
0 0.5015625 0.1328125 0.5359375 0.1328125 0.5359375 0.1484375 0.5015625 0.1484375
0 0.2984375 0.728125 0.3234375 0.728125 0.3234375 0.7390625 0.2984375 0.7390625
0 0.571875 0.6328125 0.596875 0.6328125 0.596875 0.6515625 0.571875 0.6515625
0 0.165625 0.228125 0.1890625 0.228125 0.1890625 0.24375 0.165625 0.24375