4 0.3140625 0.465625 0.4078125 0.465625 0.4078125 0.5671875 0.3140625 0.5671875
0 0.334375 0.5390625 0.3546875 0.5390625 0.3546875 0.5578125 0.334375 0.5578125
0 0.3828125 0.50625 0.3984375 0.50625 0.3984375 0.5125 0.3828125 0.5125
0 0.378125 0.53125 0.3984375 0.53125 0.3984375 0.546875 0.378125 0.546875
4 0.5546875 0.4703125 0.6890625 0.4703125 0.6890625 0.5546875 0.5546875 0.5546875
4 0.453125 0.3390625 0.4921875 0.3390625 0.4921875 0.4203125 0.453125 0.4203125
4 0.365625 0.209375 0.5234375 0.209375 0.5234375 0.2859375 0.365625 0.2859375
4 0.3625 0.2984375 0.5390625 0.2984375 0.5390625 0.340625 0.3625 0.340625
4 0.41875 0.678125 0.559375 0.678125 0.559375 0.7203125 0.41875 0.7203125
0 0.5265625 0.68125 0.55 0.68125 0.55 0.7 0.5265625 0.7
0 0.2890625 0.53125 0.3 0.53125 0.3 0.54375 0.2890625 0.54375
0 0.3015625 0.5765625 0.328125 0.5765625 0.328125 0.6046875 0.3015625 0.6046875
0 0.53125 0.46875 0.5421875 0.46875 0.5421875 0.4859375 0.53125 0.4859375
0 0.2875 0.2875 0.296875 0.2875 0.296875 0.3 0.2875 0.3
0 0.2953125 0.25 0.321875 0.25 0.321875 0.2625 0.2953125 0.2625
0 0.5875 0.25 0.615625 0.25 0.615625 0.2671875 0.5875 0.2671875