9 0.5082040812500281 0.21339000312498585 0.49385257106121117 0.1903348586877778 0.6687801481432416 0.08144532151133813 0.6831316508696545 0.10450036464419271
9 0.32632210113263227 0.3042295471489134 0.3190365745260806 0.2998127068032298 0.3690274432150318 0.21735521293017115 0.3763129259436937 0.2217720359266015
9 0.3647638484375193 0.24149074375000543 0.36181021999482255 0.22580080900875696 0.4922455080916279 0.20124652972209978 0.4951991892858132 0.2169363920094007
9 0.3221982500000422 0.27310407812501486 0.3162169914274955 0.26983086209844903 0.35994891411962726 0.18991945268320595 0.3659301420735801 0.1931926583778931
9 0.3758901862801167 0.20572971069368984 0.35932772092144205 0.14903853051245475 0.6998050082301006 0.04956639865839083 0.7163677338540992 0.10625725802144456
9 0.3163673453124147 0.27222593124997946 0.2933738701611901 0.2592986777161174 0.36101270308688527 0.13899254278803488 0.3840060281240767 0.15191974437655198
9 0.5047054762633252 0.1088901100153483 0.5090026019651077 0.12626891265565962 0.37463834480126934 0.15949176410835253 0.37034127541267026 0.14211300935511886
9 0.4895451906249946 0.11415926250003626 0.4758863606318755 0.08427299238078312 0.6776358337940565 -0.007932036733713052 0.6912946745034105 0.021954175398720355
9 0.3262798843750261 0.10976852031245822 0.32054173360586447 0.09704102559057108 0.4120869669136482 0.05576819072105001 0.4178251221640039 0.06849566935565309
9 0.3029562687499947 0.22831852031247102 0.27000224689527386 0.18907291094209136 0.4321019428512045 0.05296067852231044 0.46505587381045643 0.092206129525079
9 0.5810903194320645 0.0008780364320252711 0.5882528996754672 0.014006414607360407 0.4337339882371225 0.0983087310942521 0.4265714281250439 0.08518037031249037
9 0.653976676562479 0.07552074062501636 0.6640209160299264 0.065751564127389 0.7246622488579533 0.12810015158130506 0.7146180227242667 0.1378693148638541
9 0.7058717203125298 0.14050370468749904 0.7118835094418046 0.13868246282382612 0.754448934192169 0.279186230692711 0.7484371487290673 0.28100746400679194
9 0.7277866149106558 0.3165374276568316 0.7263755338789224 0.30921218767962744 0.7831778469698065 0.29827045017921805 0.7845889429543149 0.30559567036300916
9 0.3589329154621055 0.49527553980549016 0.36588003059853236 0.5008489867738982 0.34085813022568345 0.5320354256852935 0.33391103069300243 0.5264619961285368
9 0.41141098483785754 0.5110821112785904 0.41940382959285216 0.5212273790097642 0.37484972897459556 0.5563257320442073 0.36685693471793 0.546180510893473
9 0.3548513125000454 0.6673926031250077 0.34225197944385854 0.664571390420483 0.3672836073585586 0.5527957332404722 0.3798826838740297 0.5556169162644116
9 0.7326938781250192 0.5804559343749947 0.7562655592251986 0.5761479549883842 0.7848365410023916 0.732458475197124 0.7612648784141811 0.7367663860028996
9 0.4417317781250176 0.7982366781250029 0.4337326959426946 0.7971231809442376 0.44889336388575884 0.6882328413711714 0.4568922472136592 0.689346324390219
9 0.3490476203124899 0.5765920812499862 0.3377845857802413 0.5707256735694051 0.38407876026099075 0.4818525197784466 0.3953416463097028 0.4877188806219711
9 0.803969331777239 0.36380634891369945 0.7981534435439244 0.3728811703856227 0.7334556566082711 0.3314189718251309 0.7392715395271807 0.3223441872454413
9 0.7561904765625513 0.36216293749998824 0.7617002592113522 0.35563621181368016 0.8364618528357823 0.418746149552315 0.8309521107800037 0.4252728372902708
9 0.7676491218749106 0.42168674687503493 0.776714352903582 0.4134322844644344 0.8440823884361635 0.4874127762165807 0.8350172123812172 0.4956671814191605
9 0.811859649999974 0.5242020718750064 0.8200035220929749 0.5232380467937188 0.8361436792977202 0.659572895292905 0.827999809339417 0.6605369085065335
9 0.8153682790484709 0.5928978940146898 0.8210537964368996 0.5933849467473125 0.8098258665656886 0.7244354712933415 0.8041403500000115 0.7239484249999997
9 0.8062453860619598 0.5992390449102152 0.8123576180819327 0.5996687038416086 0.7990849807536051 0.7884560955418274 0.7929727496339183 0.7880264452443301