0 0.35625 0.3984375 0.403125 0.3984375 0.403125 0.43125 0.35625 0.43125
4 0.40625 0.371875 0.6546875 0.371875 0.6546875 0.4625 0.40625 0.4625
4 0.8609375 0.3984375 0.9078125 0.3984375 0.9078125 0.45 0.8609375 0.45
0 0.465625 0.49375 0.5328125 0.49375 0.5328125 0.5109375 0.465625 0.5109375
0 0.3859375 0.24375 0.4140625 0.24375 0.4140625 0.2625 0.3859375 0.2625
0 0.2640625 0.4140625 0.2921875 0.4140625 0.2921875 0.4375 0.2640625 0.4375
0 0.4375 0.521875 0.5171875 0.521875 0.5171875 0.55 0.4375 0.55
0 0.31875 0.428125 0.3484375 0.428125 0.3484375 0.4640625 0.31875 0.4640625
0 0.5765625 0.5734375 0.6046875 0.5734375 0.6046875 0.590625 0.5765625 0.590625
0 0.478125 0.571875 0.5125 0.571875 0.5125 0.584375 0.478125 0.584375
0 0.51875 0.5796875 0.5609375 0.5796875 0.5609375 0.59375 0.51875 0.59375
0 0.5015625 0.6 0.528125 0.6 0.528125 0.6265625 0.5015625 0.6265625
0 0.4734375 0.6046875 0.5140625 0.6046875 0.5140625 0.6203125 0.4734375 0.6203125
0 0.6125 0.6203125 0.6453125 0.6203125 0.6453125 0.6328125 0.6125 0.6328125
0 0.5640625 0.596875 0.615625 0.596875 0.615625 0.6171875 0.5640625 0.6171875
0 0.6109375 0.5734375 0.6375 0.5734375 0.6375 0.590625 0.6109375 0.590625
0 0.75625 0.5984375 0.778125 0.5984375 0.778125 0.6140625 0.75625 0.6140625
0 0.746875 0.575 0.7859375 0.575 0.7859375 0.590625 0.746875 0.590625
0 0.6953125 0.571875 0.728125 0.571875 0.728125 0.5953125 0.6953125 0.5953125
0 0.659375 0.6046875 0.7234375 0.6046875 0.7234375 0.625 0.659375 0.625
0 0.628125 0.6421875 0.6609375 0.6421875 0.6609375 0.659375 0.628125 0.659375
0 0.5125 0.6265625 0.5453125 0.6265625 0.5453125 0.640625 0.5125 0.640625
0 0.79375 0.5828125 0.81875 0.5828125 0.81875 0.6015625 0.79375 0.6015625
0 0.840625 0.5578125 0.859375 0.5578125 0.859375 0.571875 0.840625 0.571875
0 0.78125 0.6171875 0.7953125 0.6171875 0.7953125 0.628125 0.78125 0.628125
0 0.7296875 0.6328125 0.7640625 0.6328125 0.7640625 0.65 0.7296875 0.65
0 0.6765625 0.6359375 0.7078125 0.6359375 0.7078125 0.6515625 0.6765625 0.6515625