0 0.50625 0.51875 0.5265625 0.51875 0.5265625 0.5359375 0.50625 0.5359375
0 0.621875 0.48125 0.6453125 0.48125 0.6453125 0.5 0.621875 0.5
0 0.4109375 0.66875 0.4359375 0.66875 0.4359375 0.684375 0.4109375 0.684375
0 0.478125 0.6875 0.50625 0.6875 0.50625 0.703125 0.478125 0.703125
0 0.36875 0.4546875 0.3875 0.4546875 0.3875 0.4671875 0.36875 0.4671875
0 0.2734375 0.5328125 0.2890625 0.5328125 0.2890625 0.540625 0.2734375 0.540625
0 0.2515625 0.5453125 0.278125 0.5453125 0.278125 0.5578125 0.2515625 0.5578125
0 0.3828125 0.234375 0.4109375 0.234375 0.4109375 0.2515625 0.3828125 0.2515625
4 0.4390625 0.4421875 0.5578125 0.4421875 0.5578125 0.565625 0.4390625 0.565625
4 0.3828125 0.6515625 0.5 0.6515625 0.5 0.70625 0.3828125 0.70625
4 0.3125 0.3453125 0.3421875 0.3453125 0.3421875 0.4046875 0.3125 0.4046875