9 0.6404909235427567 0.14150839701055332 0.6214856308123444 0.18220035281162406 0.31539275836303204 0.03923835538650175 0.3343980754804079 -0.0014533900267823371
9 0.6195072453125476 0.150602409374973 0.6379909683787446 0.13974553124290104 0.704657391654564 0.253243167579727 0.6861737012096683 0.2641000015865808
9 0.29849275468745873 0.08621442187498804 0.3163380261768225 0.04286434488354303 0.6328823616845511 0.17317037462377127 0.615037437127512 0.21652015707937666
9 0.6274782593750388 0.1931639609374792 0.6433820109101589 0.18436406302063085 0.694106470833276 0.2760352119049437 0.6782027428677111 0.284835076705007
9 0.3267536234375257 0.10367557187496718 0.3385732596483422 0.08506935170335014 0.5006529264383062 0.18803004208276414 0.48883338045811797 0.20663618333707987
9 0.6770943694367588 0.29189586263864303 0.6695506612966255 0.29690479024879257 0.6286302391824847 0.23527781250238125 0.6361739140625104 0.23026889999997766
9 0.5090267407171041 0.21251623922788015 0.5127895622503047 0.1978112795176974 0.6370120271861879 0.22959760478272567 0.6332492791058257 0.24430250174956095
9 0.545591940624945 0.09180297968750531 0.572435569764707 0.058383093034572474 0.7235685753812504 0.179776031841254 0.6967250902047226 0.2131957862678309
9 0.45994962187501187 0.19953870781249056 0.4606800891677949 0.19917979103815073 0.4793198644609902 0.23711491994224004 0.47858939749551155 0.23747383621115517
9 0.5171523534927474 0.06981564014746162 0.5157374454371393 0.07174408729433635 0.4382539656926383 0.014894216395338744 0.43966887343754024 0.012965770312468353
9 0.36218542968754264 0.13963137343746893 0.36722063635431823 0.13432136159491723 0.4241505833716701 0.18830461749727434 0.4191153873633766 0.19361461889635712
9 0.5906622515624349 0.5126466109375056 0.6074188176851294 0.5064253540120056 0.6637094363245524 0.6580254920104813 0.6469529163611014 0.6642466585387459
9 0.1681456953124325 0.48372297031246675 0.16109815105369307 0.4757681123130837 0.22864811633985482 0.41592644056061856 0.23569562553007017 0.423881249816432
9 0.17609271562503181 0.4168993859374979 0.16923772730831388 0.4050652625623074 0.2639399981273982 0.35021064584549316 0.2707949878595173 0.36204469580835696
9 0.6111920515625116 0.4956913734374764 0.6139006497046466 0.49382108693295984 0.6483375981167683 0.5436895379141229 0.6456290073834907 0.5455598154405099
9 0.25704309988498153 0.312788514092318 0.2500157477126095 0.32638917071642426 0.19091966260816662 0.2958554616474348 0.1979470203125402 0.2822548468750245
9 0.28271523429032186 0.31516792500518054 0.2824586172364434 0.31793679078855736 0.2567863861323758 0.31555755765962246 0.25704300625000087 0.31278869531252007
9 0.6330463578125318 0.4936966421875016 0.6334269086546556 0.49135951079544127 0.6579302075068654 0.49534902484159327 0.6575496615788552 0.4976861518540032
9 0.6482781453125881 0.5365834187499885 0.6558443444193927 0.5347567071168537 0.6690893130319182 0.5896119150713324 0.6615231170537754 0.5914386178693987
9 0.5483542437499409 0.07098875312496222 0.548536040034719 0.06870852578322897 0.602599576668922 0.07301884177940121 0.6024177818375165 0.07529906776353124
9 0.6145685843749789 0.0773706656249679 0.6182815767181182 0.07056183880522039 0.6738384258792394 0.10085804760196479 0.6701254405388681 0.10766686839703292