9 0.19135483749994364 0.3832461500000088 0.18579890359819728 0.351206327055965 0.45461640814630755 0.3045913739301745 0.4601727013263144 0.33663074178445057
9 0.5225376343749986 0.3257289546874611 0.5308422105453019 0.2931512679576348 0.7921311287910839 0.3597540149136591 0.7838270779485583 0.39233125812041536
9 0.23461044218754523 0.3003003000000025 0.23609666218669645 0.2518504039800196 0.7822798137003701 0.26859845176867847 0.7807947713513386 0.3170472235793892
9 0.648265059375035 0.31612938281249653 0.6513613397302151 0.30548015902861714 0.7809180870021919 0.3431473685011566 0.7778218906244092 0.3537965209339331
9 0.5470602406250009 0.30256159843751446 0.5468753713083743 0.30119357697722027 0.5825927147085395 0.29636696809059976 0.5827775859130497 0.297734987318147
9 0.5827775781250466 0.2977349296874601 0.5829572822849514 0.2948606460382354 0.6877745085628248 0.301413551594757 0.6875948189656356 0.30428782141760535
9 0.4013310046876768 0.3046114499999761 0.40133616348066425 0.3020663930938401 0.5470606454352946 0.3023612226917248 0.5470555038230032 0.3049062627937179
9 0.4013310041933664 0.30461143829904525 0.40137342601019554 0.3056159262059991 0.37238932879301956 0.3068399354262217 0.3723469083888631 0.3058354488753716
9 0.6893424140624802 0.3046528062499793 0.6902512609392488 0.3017002909681784 0.7495754516914985 0.31996093273472076 0.7486666150612109 0.32291343926494803
9 0.258596909899552 0.33441077916940787 0.2576221949391311 0.3308699359939798 0.3509695214330577 0.3051740912998951 0.3519442467635372 0.3087149179742593
9 0.19685943750005208 0.3609030718750121 0.1949224305270718 0.3575194424543033 0.2405788029161613 0.33138372188519327 0.24251581001078648 0.334767341933061
9 0.4185461843749181 0.3156771234374936 0.41862993113238645 0.31445431385133105 0.47806766735277506 0.3185248212289634 0.47798392432946457 0.31974762731200534
9 0.4442489989128262 0.2500994393813229 0.44420820822688256 0.2507508200869895 0.40541115685698514 0.2483212969240413 0.40545194843741683 0.24766991718751638
9 0.4948514062477898 0.2500993990502954 0.49485140764886637 0.25055167620956975 0.4442489958441911 0.2505517731747351 0.44424899531315987 0.25009949687502075
9 0.39643076081199524 0.24678727850944673 0.3967407342786373 0.24928283111429322 0.3409445050351678 0.25621312059242374 0.3406345375000228 0.2537175734375222
9 0.3842442718748771 0.2853491343750217 0.38423230035925826 0.28413560765165136 0.4273695535918023 0.2837100337512985 0.4273815273531909 0.28492355818685494
9 0.3206535843750089 0.29454681249999265 0.32029452065000896 0.2920643160090317 0.3838852278241802 0.28286682090386617 0.3842442973334528 0.28534931038664785
9 0.32040173679752115 0.2935719104100653 0.3210255351475553 0.2959866339400039 0.26715137554504054 0.3099035626542688 0.26652758437501234 0.30748884531247256
9 0.1832048203124259 0.34371721093748125 0.1805908729671728 0.3377610940763812 0.2365704382199283 0.31319420214294 0.23918439125691293 0.3191503011567273