0 0.546875 0.4125 0.5796875 0.4125 0.5796875 0.4390625 0.546875 0.4390625
0 0.4828125 0.421875 0.528125 0.421875 0.528125 0.4609375 0.4828125 0.4609375
0 0.928125 0.2546875 0.9546875 0.2546875 0.9546875 0.275 0.928125 0.275
0 0.4875 0.1359375 0.515625 0.1359375 0.515625 0.15625 0.4875 0.15625
0 0.615625 0.04375 0.6375 0.04375 0.6375 0.059375 0.615625 0.059375
0 0.678125 0.09375 0.7 0.09375 0.7 0.11875 0.678125 0.11875
0 0.578125 0.1296875 0.6171875 0.1296875 0.6171875 0.146875 0.578125 0.146875
0 0.5578125 0.1671875 0.5796875 0.1671875 0.5796875 0.1890625 0.5578125 0.1890625
4 0.559375 0.4125 0.7671875 0.4125 0.7671875 0.6109375 0.559375 0.6109375
4 0.8 0.3875 0.9203125 0.3875 0.9203125 0.440625 0.8 0.440625
4 0.36875 0.384375 0.4375 0.384375 0.4375 0.4859375 0.36875 0.4859375