9 0.24759493593751358 0.36928269999996033 0.2388873888460239 0.347599403931817 0.36749524176332216 0.2959547698018839 0.37620284318950326 0.31763790802162245
9 0.39896551874994657 0.3135632187500381 0.3995629059803605 0.3116367166912047 0.4277451223741764 0.3203754335165627 0.4271477383679212 0.3223019328247031
9 0.2562068953124026 0.32827586250003565 0.25752291090987 0.29976465504945293 0.6861425583043683 0.3195443818754033 0.684827170905919 0.34805497228720145
9 0.3506822005502954 0.29712289253483376 0.35135799313820826 0.2870257115170018 0.6719195902437605 0.30847748253609847 0.6712439558888263 0.3185745182645898
9 0.32520376249976835 0.2890999953125338 0.32519791646222984 0.288541582694287 0.3841342522304103 0.28792453008598823 0.3841400997002893 0.288482941239945
9 0.3248705817393329 0.2874243562251658 0.32535195657078475 0.28984529568668765 0.26052303028393453 0.30273530993052095 0.2600416636485079 0.3003143776361588
9 0.5521300866537331 0.28219879808071413 0.5516122806496924 0.2908366007133048 0.3119409981902663 0.2764681785783526 0.3124588866596696 0.26783046343710076
9 0.5579310343749739 0.27517241406248644 0.5589164218430369 0.269306538968008 0.6277491413014786 0.2808691333903478 0.6267637733345737 0.28673499125446256
9 0.6262069020206127 0.293563123156766 0.6260235588747491 0.29617581554543054 0.5801614800276411 0.2929575152060965 0.5803448281250212 0.2903448281250006
9 0.33068965625000146 0.257471264062496 0.3310696000229427 0.25383552855457725 0.46886519876352395 0.26823485740298575 0.4684852769432837 0.27187057277589743
9 0.2568965515624768 0.525057470312477 0.25659586069309626 0.5240670258451197 0.29521658506826043 0.5123430085449414 0.2955172777144526 0.5133334498334834
9 0.32724136922047364 0.5760919410621035 0.3275286850263228 0.5764659542189859 0.3151318214906951 0.5859882032645857 0.31484450624998317 0.5856141906249637
9 0.31484450015216225 0.5856141788996038 0.3151964549931563 0.5862909416467799 0.3038182351821206 0.5922076291561142 0.3034662812500528 0.5915308671874695
9 0.29830860162098816 0.5936524478118892 0.29843584958996416 0.5943267831542565 0.28513166734069273 0.5968370220140131 0.2850044203124753 0.5961626874999603
9 0.28088974269803657 0.5966564361810774 0.2807725389383222 0.59743771797251 0.2685848736517755 0.595609580916049 0.2687020781249885 0.5948282999999537
9 0.2610344812500216 0.6002298859374866 0.2603872694136271 0.5993112613362699 0.2680548700018335 0.5939096811277375 0.26870208161051323 0.5948283049472343
9 0.333103376129543 0.5816091161047473 0.334214886430118 0.5828266885699377 0.30465728697788563 0.6098066008570755 0.30354578125002263 0.6085890328125313
9 0.29837048863214477 0.6117417437240804 0.29896202303189057 0.6130918190918722 0.2774880824573529 0.6224994973935721 0.2768965515625723 0.6211494250000272
9 0.3189384718750716 0.6393103453125246 0.31727038437190913 0.6374538359462955 0.3469526809576564 0.6107872565039684 0.3486207630893432 0.6126437587745771
9 0.3189384431018425 0.6393103069313891 0.32034367456867585 0.6411847781901915 0.300715570226771 0.6558974542251582 0.299310343749994 0.6540229875000112
9 0.6086207066508678 0.6202298556504909 0.6073862104349246 0.6222459748042807 0.5904896415950134 0.6119011732015635 0.5917241375000231 0.6098850578124688
9 0.6048498343750452 0.6427660359375039 0.6064726762645023 0.6410952844498113 0.6298986466308634 0.6638465483743008 0.6282758102372554 0.6655172944305922
9 0.6744827578124841 0.3632183906250074 0.6759232969551476 0.36277400674746557 0.686273473674305 0.39632426218322464 0.6848329349284086 0.3967686451578723
9 0.6634482765624625 0.3464367812500216 0.6639602137012162 0.34528497121789437 0.6857819305180328 0.3549835446301275 0.6852699951070917 0.3561353531955168
9 0.6902373000000352 0.3615053765624765 0.6921007216678845 0.36051431408035856 0.7122082050184417 0.39831930819182026 0.7103447850496423 0.39931036822215704