9 0.3532423406250018 0.3994260453125187 0.35249479187064026 0.3858967079537768 0.5586848165596621 0.3745034621608 0.5594325197448597 0.38803262930011617
9 0.675410059260912 0.41565709143719476 0.674475580198532 0.4192648419163278 0.5597303630204351 0.3895446013485938 0.5606648590256782 0.38593687693006895
9 0.37330358906251604 0.36640047031246153 0.3721619890943657 0.3450265009156272 0.5778386429948341 0.3340403783375939 0.5789804650935366 0.3554141195018463
9 0.5157850251837317 0.4029436252025753 0.518100462537177 0.4032862143659543 0.5100215571169429 0.4578856532508772 0.5077061200338449 0.45754306532577144
9 0.5569799195711767 0.4093681043673801 0.5575618930294013 0.4092631707587735 0.562412326353865 0.43616277086051086 0.561830352944753 0.4362677042844193
9 0.6148755282098364 0.34319441465040207 0.6120656834347074 0.35056082212550665 0.5572780973857334 0.3296632696047282 0.5600879513597192 0.32229688424663344
9 0.6346712781249835 0.37542512968749264 0.6349176277298056 0.37475658033258386 0.6677485423228973 0.38685368749489196 0.6675021943234469 0.38752223548684667
9 0.7056574676549872 0.40935543707739164 0.7052803862235351 0.40999456660046674 0.670514927002273 0.3894841758891971 0.6708920084060992 0.3888450479126207
9 0.47661297223157817 0.44230683908039253 0.47790988455790284 0.443758846442226 0.457540934474423 0.4619509655685652 0.45624402499993266 0.4604989609374808
9 0.7400813193712565 0.5273361190151167 0.7399607843194644 0.5331592030500354 0.6938994453337273 0.532205769980241 0.6940200015625351 0.5263827078124772
9 0.7316662258904216 0.5038142344118476 0.7343075121751781 0.5123063117315759 0.6944467677392367 0.5247031104531101 0.6918055140624801 0.5162110609374537
9 0.3230016575561194 0.4934587512885321 0.32292100003735413 0.49825496858158186 0.2762570852595445 0.4974701926046493 0.2763377593749965 0.4926739921875078