9 0.4147755093750902 0.2929705218750291 0.41477584388553623 0.27618830294787877 0.7106939975041087 0.27619230825343016 0.7106938780983683 0.2929743161020874
9 0.5221677546574028 0.302553030202502 0.5219655903591729 0.30027337238583196 0.6116073783736056 0.29232383759161773 0.6118095510136072 0.2946034859434481
9 0.4468272000001434 0.3018994953124735 0.4468358001682873 0.30124864753622066 0.5169816981139093 0.3021753962731373 0.5169731000743241 0.3028262419584849
9 0.4099047624999912 0.3067936499999512 0.4096311893500797 0.30472977859521105 0.44655363208062226 0.29983568947482003 0.44682720822163446 0.30189955733784063
9 0.5451428578124933 0.3187301593749456 0.5446000117377707 0.3156721406707977 0.6089809905870425 0.30424377189039453 0.6095238439997956 0.30730178098671973
9 0.5775238093750659 0.3202539687499756 0.5773821537818549 0.315965013487952 0.6619535762218902 0.31317171901428187 0.6620952487139675 0.3174606566817125
9 0.4478095234378543 0.3243174593750019 0.44784160398990025 0.3237119813100777 0.4766035056181863 0.3252358322044839 0.4765714259712013 0.3258413094022809
9 0.40270858593748926 0.3308101734374706 0.40234890923375133 0.3283117439648945 0.44744985648765123 0.32181913575160853 0.4478095378510716 0.3243175594954724
9 0.37904762031246264 0.340825396874956 0.3788580371574426 0.3403775197957026 0.40251901464978346 0.3303623254463023 0.40270859800386916 0.33081020194347793
9 0.5104761913531775 0.3606349203125 0.5097142845764893 0.3606349203125 0.5097142860329313 0.3331868140625001 0.5104761906250133 0.3331868140625001
9 0.7178571421875404 0.4306122453125361 0.7184000292609198 0.4250977439259749 0.7944203718765266 0.4325811382865663 0.7938775148563764 0.43809561193279717