9 0.20085470000003625 0.3210256421875072 0.19205841545760904 0.2681552842565904 0.6210160381983769 0.1967854970024625 0.6298130465211216 0.24965496903146953
9 0.5867484834851666 0.2160320273082538 0.592359715287671 0.20425403999969768 0.6851975153101648 0.2484827467503266 0.6795863341615132 0.2602606908759942
9 0.2136752140625049 0.3312820515625521 0.21074007358765812 0.26899435722287585 0.6399410606667288 0.24876595782435906 0.6428773323572159 0.31105251756530977
9 0.22469135781250316 0.363174603124979 0.21588959979408173 0.35118007591175776 0.26703607906677007 0.3136493609706784 0.27583782252486344 0.32564384854129735
9 0.2843033499999592 0.3256437390625134 0.2836819233054939 0.31595936662775687 0.35056209086053514 0.31166782271679216 0.3511835468807476 0.3213521640221862
9 0.4412554021832875 0.32225561647131407 0.441305607780464 0.31245090703625394 0.5520783685416291 0.31301778841129235 0.5520282157959855 0.3228224462465096
9 0.3932980593749562 0.314356260937462 0.3912024563405794 0.3077829069611515 0.4381160594925859 0.29282710644284643 0.44021167053483623 0.29940044538130317
9 0.49844080394564116 0.29556830304181925 0.49834950271122125 0.29151637729560215 0.572462243114046 0.28984632273042965 0.5725535574358673 0.2938982352195179
9 0.5820105812500742 0.2819047624999586 0.5864152828754641 0.2753936722538551 0.6343869792239047 0.3078452871760911 0.6299822967534965 0.31435636043476406
9 0.568606701562544 0.32761904843749884 0.5724304914620006 0.32034764247754854 0.6352169542367392 0.35336373677373684 0.6313931955392036 0.36063511598699943
9 0.4209437262325082 0.3649737526306885 0.4157873785246693 0.3672098482169826 0.395549144856318 0.3205429678017695 0.4007054687500613 0.3183068781249883
9 0.3668430409378516 0.3524514984375001 0.3604938217338258 0.3524514984375001 0.3604938318844688 0.3219753093749999 0.3668430312284272 0.3219753093749999