9 0.36422413749994575 0.23014765468744844 0.3646137619147112 0.2218450905044114 0.4857218064986455 0.2275281575529457 0.48533221870104626 0.2358306864596036
9 0.48817617476697706 0.24140172184167524 0.4884253377172172 0.22968146199902617 0.6794698391246357 0.2337421510734572 0.6792207589513737 0.24546233196932618
9 0.5643103437498667 0.21188214687495388 0.5644364308182048 0.2094828770477366 0.6126639687047373 0.21201727432473652 0.6125378855630288 0.21441654040061162
9 0.5641659411187447 0.2104966383270318 0.564600345750705 0.21466464580842606 0.494830945727017 0.22193607288016054 0.49439655156243134 0.21776807500003573
9 0.6336042375000943 0.21392147031248016 0.6341133735434141 0.21013584573577065 0.6815436009783298 0.21651471462013744 0.6810344715340761 0.2203003331799165
9 0.607873278762554 0.24744065444009572 0.6083189738052397 0.26333899178833375 0.35689304996640203 0.2703859108671816 0.3564475161176688 0.25448772585875923
9 0.29181034374994397 0.3117403437499613 0.2880745460832941 0.28775868554304596 0.46867805860040335 0.25962485507217764 0.4724140099814349 0.2836063208223979
9 0.5786016937526028 0.26656155156248224 0.5789016087137497 0.26074221843579426 0.6912481376400592 0.2665319686576206 0.6909482505685673 0.27235127472503134
9 0.5396665156249583 0.2751939265624619 0.5389709452579154 0.27205668347390166 0.5779061332787023 0.2634243746166224 0.5786017072770164 0.2665616125733106
9 0.41488448194934335 0.20777579402607627 0.41520865167012744 0.208839980014414 0.39923438311461723 0.2137059526056941 0.3989102140625391 0.21264176718752653
9 0.3652188312499902 0.2197159093750143 0.3647052828175674 0.21773466562898544 0.3879288409665378 0.2117150797380586 0.38844239040372486 0.2136963219179933
9 0.31896551875001933 0.23718150625002496 0.31843543860463797 0.2358382467971143 0.3536224376981636 0.2219528728504586 0.354152518552155 0.22329613055268038
9 0.5831896562499423 0.1994800578124701 0.5924363632283303 0.17582646081220138 0.7450221305136893 0.2354743969383468 0.735775572372745 0.25912786873198934
9 0.6603448281250621 0.2217070312499688 0.665547410379645 0.21363468971844143 0.7336507272732433 0.25752611639403633 0.7284481720249687 0.26559843407599665
9 0.6349137937500018 0.1845682890625128 0.638692531253696 0.17539855778965596 0.7327024986238939 0.2141383922157979 0.7289237944008846 0.22330809531773393
9 0.6418103437499667 0.18935130937499087 0.6459728379295484 0.18172006939532032 0.7418893068261241 0.2340373001687326 0.7377268433757536 0.24166851359440283
9 0.47370689069111904 0.289513367166934 0.47469158208934914 0.289850674726427 0.4687679975139645 0.30714274477888565 0.46778330624999853 0.3068054375000172
9 0.46778330380197986 0.3068054335772836 0.4691809618350362 0.3090450240075909 0.4602525161351423 0.31461682056607176 0.45885485937503745 0.31237723125002137
9 0.50300483874355 0.292284849279782 0.5092886335602316 0.2879300088502869 0.5271892339452506 0.31375888409433694 0.5209054443969308 0.3181137181927293