9 0.6660089277861516 0.18483353201764663 0.6678382149731306 0.18507957799576769 0.659178937083766 0.24945815481932918 0.6573496500000147 0.2492121093749994
9 0.6573496293135577 0.24921209784436837 0.6618545204127031 0.2517231209134451 0.6448822463923989 0.2821715179739536 0.6403773578125538 0.27966049843752355
9 0.8207547156242754 0.1648651666640119 0.820754771786369 0.17951995582144692 0.696226416272907 0.1795201942947862 0.6962264079068063 0.16486545224140894
9 0.7555269874799251 0.09692075935718485 0.7556927609392687 0.10506426165020598 0.6330706419762464 0.10756029585504527 0.6329048843749661 0.0994168093749766
9 0.7305032218748693 0.01651913281247508 0.7313165030921027 0.008400021281609504 0.8051834576849615 0.015799177391622406 0.8043701781700747 0.023918287024171567
9 0.711739501893021 0.02287833551439963 0.7116438656410082 0.026168449211644577 0.6166336969010899 0.023406701472532022 0.616729334212323 0.020116589092415434
9 0.646304031249997 0.1552848125000343 0.6460896922744723 0.1540311593974447 0.683333223442105 0.14766360962809003 0.6835475632705084 0.14891726160978405
9 0.6463040272675471 0.15528478920745228 0.6466954233344495 0.15757400499710425 0.6158155581690608 0.16285360310909255 0.6154241640624605 0.16056438906244752
9 0.8163248586072314 0.11480752585643818 0.8171865958539684 0.12039927611891107 0.7565473956021833 0.12974422164637986 0.7556856654675812 0.1241524776764607
9 0.7730077124999752 0.07778637500003621 0.772947294377218 0.07451914142582933 0.8179344384549267 0.07368722578933222 0.8179948582425141 0.07695445760338195
9 0.6897172234375 0.20424122968749997 0.6922879187500001 0.20424122968749997 0.6922879187500001 0.2587332875 0.6897172234375 0.2587332875
9 0.585157341654508 0.42749622727770636 0.5944335429511511 0.4392882782417089 0.5142853854038094 0.5023324001844292 0.5050092765625322 0.49054043437500283
9 0.5109756093750093 0.14642039531254716 0.510754283635265 0.14589607689508113 0.5270900281865352 0.13900045785878182 0.5273113539963106 0.1395247760780583
9 0.535396078125018 0.14126132656254914 0.5356132433219045 0.1404342502678482 0.5589293569149731 0.1465563108977165 0.5587121922252436 0.14738338675785315
9 0.6112195080244192 0.1472097045294262 0.6116091385781601 0.14899182488958335 0.5818530431819227 0.1554974363039845 0.5814634140625685 0.153715317187517
9 0.581463417554346 0.15371530464080677 0.5807510254616091 0.15627498056319164 0.5579998023730468 0.14994304951135798 0.5587121953125234 0.14738337500003315