9 0.4631574593697678 0.07391060765699461 0.47937714625800254 0.10046268714959855 0.24790895775686295 0.24185647465315024 0.23168946300825155 0.2153045647654019
9 0.25674844834361465 0.268455790292116 0.24324113768227562 0.24517552732287687 0.53923558078327 0.07343878408740263 0.5527428994595311 0.0967188516927816
9 0.5366464297867424 0.11763850969311751 0.5473543923055786 0.13665171933353887 0.2691810271717259 0.29331224447922355 0.25847328901784294 0.27429922761581665
9 0.2685653999999431 0.3235257499999768 0.2619928902712445 0.3157817527590221 0.3333011050232244 0.2552623170225831 0.33987359577383813 0.2630062835764017
9 0.3261603375000277 0.2779945921875302 0.32395286992141337 0.26938342395096865 0.37690647070576233 0.25580904332720433 0.3791139507876551 0.26442019262760025
9 0.37648366577775505 0.3234166213193704 0.3410966658140069 0.2667079239056364 0.5502576363585376 0.1361903030666689 0.5856446080591695 0.19289854123122663
9 0.4440948780796816 0.2523172486650184 0.44233562187446296 0.2538651846677429 0.43705931004251397 0.24786867772182103 0.43881856562495614 0.24632074218752878
9 0.44409487656253077 0.25231725000001565 0.44454478333170755 0.2519268803522724 0.4531726626338468 0.2618704396852931 0.45272275605361756 0.2622608091318621
9 0.4727848191924977 0.2785601854684319 0.4721860036216867 0.279351229251793 0.4548225581575025 0.26620749307612374 0.45542137343750255 0.26541645000003616
9 0.6089099517505474 0.29342480375689795 0.6076365493330513 0.28840910768515504 0.6472498059546297 0.2783521801345074 0.6485232141988035 0.2833678672460257
9 0.6249854640624335 0.33286222187503167 0.6332109276563642 0.3243899162794081 0.6818540069225492 0.3716140446059097 0.6736285747391548 0.38008631941042553
9 0.6426439937499708 0.44382573125001124 0.6455664713625993 0.44272093346904534 0.6543992562695848 0.46608449383191775 0.6514767796630849 0.4671892897003473
9 0.6502434661132384 0.5484535897755087 0.649710258584264 0.5485419762098774 0.644459090515511 0.5168661049526879 0.6449922953124769 0.5167777187499975
9 0.6502434515625737 0.5484535921874972 0.6505433814706976 0.5484038753980122 0.6563861982409662 0.5836488628377462 0.656086268370359 0.5836985794744448
9 0.3012453876079917 0.5520837968782234 0.29958276538786777 0.5520341884401947 0.3006486359339533 0.516315019832573 0.3023112484374906 0.5163646281250014
9 0.30308025249746606 0.563710999605924 0.30205678428774263 0.5638724955706923 0.300221921299908 0.552245292678273 0.3012453874999892 0.5520837968749939
9 0.3041723312500153 0.5670048093750029 0.3057245404997957 0.5665005215891752 0.32081254618128696 0.6129369111479472 0.31926033795014064 0.6134411967214376
9 0.35892884911299916 0.640851195103051 0.3611594598294232 0.639904810955855 0.38307346155374944 0.6915488632657014 0.3808428539543911 0.6924952420266233
9 0.380842912500043 0.692495217187501 0.3818829902604648 0.6921982194165793 0.39624661052016563 0.7424914571393003 0.3952065334550525 0.7427884532136525
9 0.3961497125000051 0.7425191265624888 0.3971856182158717 0.7422259169255573 0.40812368471961236 0.7808632164123096 0.4070877795589922 0.7811564246838743