9 0.08689655156240406 0.2093486593750079 0.08932115444008559 0.1908099110113917 0.6120781569889004 0.2591722181223118 0.6096539249305124 0.2777106855771645
9 0.5245977015624703 0.213333332812451 0.5269567076376234 0.20598441600494016 0.6635081852565463 0.24981650534296568 0.661149222600443 0.25716538540308415
9 0.09654656980762866 0.23850084545431396 0.10015201316377897 0.21512553122161654 0.6385467048066857 0.29816218024975877 0.6349418531381161 0.3215369439773748
9 0.26160907045402837 0.2798466927169617 0.27745200752042365 0.28612386703314613 0.24526820977621355 0.36734994418809414 0.2294252875000211 0.3610727968750087
9 0.31442215417962416 0.28730013519527703 0.3173380086623183 0.28710356746220655 0.3224560741107325 0.3630218243054903 0.3195402197038675 0.3632183912980275
9 0.4991719187499939 0.30619569062496366 0.5047882297191109 0.2887412553631131 0.6400986558865043 0.332278334638008 0.6344824855084426 0.34973265114051605
9 0.14746505088874073 0.2712553407023248 0.1481551000139234 0.26663230585591435 0.26321870616470733 0.2838064648036363 0.2625286825494868 0.28842947643841893
9 0.37256157656247524 0.33404488281249545 0.368593209095593 0.33338170535384215 0.3739626835255194 0.30125253369088073 0.37793103872127176 0.3019157101013232
9 0.5695238093750277 0.19682539687495343 0.5704338406022771 0.1921664722200675 0.6402238035302616 0.20579836170807647 0.6393137838772418 0.21045727622401914
9 0.6451531312500265 0.21236031406250083 0.6458684494872386 0.21102565737419732 0.6691120871231533 0.2234830574051697 0.6683967702493874 0.22481771292241534
9 0.5516969703124914 0.32727272656252493 0.5517956644068818 0.3271216701222901 0.5854656607109519 0.34911948441213947 0.5853669669711508 0.34927054053943424
9 0.5162071859375601 0.3239252859375069 0.5159827697157198 0.32370575498776194 0.5258833324924126 0.3135851879639347 0.5261077485532724 0.3138047187612311
9 0.5314949647325875 0.34253646446109576 0.5312747691547202 0.34271733359256734 0.5159869906908625 0.32410615485163285 0.5162071859375601 0.3239252859374751