9 0.6132413337355729 0.1948206136029839 0.6139768618606922 0.2135104487864721 0.41417821968116186 0.22137266013999818 0.4134428135937469 0.2026829441416243
9 0.48441379374992266 0.2201323578125097 0.4887792901457715 0.21866671350049458 0.4973104522837275 0.2440768106078032 0.49294495655226456 0.2455424535304973
9 0.5366003750622212 0.20365941288227066 0.5329635828691153 0.20263073065103707 0.5422942535732318 0.16964355916348012 0.5459310390289147 0.17067224037888332
9 0.42667130597044434 0.194280454566967 0.42623270250624046 0.19824051504479512 0.3888398197366314 0.1940990242276126 0.38927842704129034 0.1901389681350182
9 0.6063448186466758 0.20039474855722517 0.6116500924360935 0.20295145338734422 0.5997880301508758 0.22756541036884098 0.5944827578125569 0.2250087078125202
9 0.2579310343750194 0.2547312203125426 0.2538878755361793 0.22642148012274613 0.4376514393144362 0.20017656678717732 0.44169474812747467 0.2284861199628309
9 0.2742068953124317 0.2570532906250365 0.2765757585261781 0.22674551803252116 0.48457537699164277 0.24300185710392863 0.48220677038602844 0.2733093891245804
9 0.4055127007321744 0.2438684763669044 0.41729269875213504 0.248600849906087 0.3918030051441974 0.31204930356517174 0.3800230146315471 0.3073169436170499
9 0.4223448131126588 0.26564495230371954 0.42585614308597997 0.2662025089320307 0.4184078812621692 0.3131083507749449 0.4148965515624923 0.3125507953125035
9 0.5120000000000573 0.2519447343750414 0.5108806519037898 0.24174950569057815 0.5870185806107884 0.2333902844972746 0.5881379538631109 0.24358548398397792
9 0.4855648899326752 0.25199031838596125 0.492901627777087 0.25151490900597856 0.49568029081046916 0.29439559177578695 0.4883435530488214 0.294871000308679
9 0.5710391162901942 0.22670609638120556 0.5714475013788842 0.21521765954082323 0.702610686047592 0.2198798113136573 0.7022023539559541 0.2313681979478246
9 0.656240260294453 0.2795658852444907 0.6277588550900646 0.31394698701650786 0.5658883108562804 0.2626943088772711 0.5943696453124403 0.2283133250000299
9 0.5970624234375919 0.24191321562504306 0.6007842124568015 0.2252072612340001 0.7302821447802899 0.25405620974052423 0.7265604508908154 0.27076208352121256
9 0.6036979330449412 0.19122009876886406 0.603958225117708 0.18613368107879047 0.6848135497888279 0.19027123496008058 0.6845532702519677 0.19535764065537803
9 0.6537541968051528 0.16769744886644822 0.6562369669045438 0.16005464445187642 0.7302827088693675 0.18410818434615095 0.7277999576210732 0.19175097264483212
9 0.7232000010379807 0.21599326434055607 0.7206684502641565 0.21912601817690697 0.6940519470576874 0.19761773220280884 0.6965834959678432 0.1944849817873376
9 0.649997924171771 0.20603774027329125 0.6500521029211086 0.20224063186576868 0.6870541740818226 0.2027685684191846 0.6869999997691139 0.2065656724374673
9 0.6909259260719409 0.17564810965362676 0.6995891125872049 0.16623679738547092 0.7942629157179226 0.253383589281245 0.7855997703945832 0.2627948619334796
9 0.7019999999999982 0.15892255937496985 0.7074872846250173 0.15311321204804093 0.7942870648221287 0.23509997419221182 0.7887998015233961 0.24090930075069217
9 0.7061005225467625 0.22959817750990466 0.710028826939606 0.22559418151128466 0.7495282654296034 0.2643462122189042 0.7455999694624325 0.2683501998759798
9 0.7223614998513312 0.22359938829403794 0.7282396820050963 0.2186587502987936 0.7662781175761211 0.26391463740932625 0.7603999454842096 0.2688552645707419
9 0.7289247802038972 0.21003747850921264 0.7411934809070999 0.2029850974085608 0.7820685916235561 0.27409247491736255 0.7697999068183208 0.28114483481325614
9 0.6169531944943856 0.2759871322387621 0.6163335227879543 0.2704216668279488 0.6724914370981878 0.2641689966921944 0.6731111200599571 0.2697344491532957
9 0.628444443750027 0.24766180312499508 0.6333967758248491 0.2470734779075691 0.6360634421635041 0.2695201677699734 0.6311111101833831 0.27010849246270346
9 0.6722222218750176 0.27310138437498754 0.6748488260183194 0.26626644612545486 0.7361820784303745 0.2898356429132537 0.7335554970569547 0.2966705618451061
9 0.45732961885642 0.1984362584761885 0.4538573470481424 0.19775631035945893 0.46292202080678635 0.15146647357446572 0.4663942842234974 0.15214642085162305
9 0.4983988359374507 0.29626689062498995 0.49478221455854055 0.2948705441565619 0.509920528738121 0.2556623636704722 0.5135371384508289 0.2570587076063249
9 0.46800856680454217 0.2872419163645767 0.47455168537692316 0.2898329076885573 0.45161249502700684 0.34776029561036703 0.44506938069366697 0.34516931210342483
9 0.42969432343750213 0.27421228281250287 0.4310287609250736 0.27002014506178185 0.4726536533229364 0.28326980264294505 0.4713192249743088 0.28746193260942277
9 0.2488888875000157 0.24940765625000139 0.23592649825445733 0.2179716238341469 0.39176507951947315 0.15371343972604276 0.4047275236672476 0.18514930315378136
9 0.5260346735166195 0.29691651934318614 0.5275261272612397 0.30197506539959573 0.4749226807048217 0.31748407833154507 0.4734312421875302 0.31242554531249117
9 0.41094792968749516 0.3322050046874864 0.40274381996698594 0.31971763053098307 0.44946756430874757 0.2890213920501339 0.4576716678005823 0.3015087327814036
9 0.5678374400699795 0.35834422157944557 0.549555852821868 0.36773019424787434 0.5085543310772209 0.28787172202069267 0.5268357812500426 0.27848579218749697