9 0.5846427285988511 0.21265835716680367 0.5876510339560355 0.23080314744163302 0.375546190874843 0.2659675591694273 0.37253804570286775 0.24782291283989866
9 0.5666139955654899 0.24780850077970168 0.5701181733837757 0.2649475051990024 0.40870404189934106 0.29794847754904374 0.4051999999999225 0.28080959531245486
9 0.29753086406242346 0.27925851874995244 0.29653193740659844 0.2724688962283615 0.4369629435540219 0.25180803266731505 0.4379619019898655 0.25859761501304174
9 0.579457244046921 0.23107176635026475 0.5786964939014752 0.22735069181264733 0.6610902614135057 0.21050592744898186 0.6618510193759448 0.21422699178432658
9 0.5687847980977949 0.2488360618392182 0.5681791602905832 0.24533500861621688 0.6860761316009985 0.224940425638451 0.6866817812679074 0.22844146383186456
9 0.6419071098271161 0.2641087397680289 0.6433868379739351 0.26796162062395446 0.5598282076439318 0.30005201338785725 0.5583484968819903 0.2961991472243516
9 0.2886255921874863 0.30553443593754176 0.2871460338523093 0.3009078065169101 0.35446942884868804 0.2793787908338418 0.35594899511715994 0.2840054059631827
9 0.5139060213157336 0.3134410106937412 0.5084868672735183 0.31671125688836677 0.4888703683568565 0.2842054701701181 0.49428950781259573 0.2809352296874707
9 0.4753484016622451 0.3022462630205664 0.48023669540248193 0.30219100178883246 0.4806710631886517 0.3406130945689396 0.4757827694504613 0.34066835569644277
9 0.5300718322919238 0.298731843490883 0.5374860764194409 0.2956548641873343 0.5519980303250804 0.3306216354797099 0.544583789397052 0.33369860920505895
9 0.5158625785013555 0.2704192690043606 0.5104053072985835 0.26918729327560886 0.5178197687935153 0.23634422293655055 0.5232770263971815 0.237576197074715
9 0.6453103252540586 0.26093252639846093 0.6452709936279462 0.24911453952757845 0.7174209545910344 0.2488743687055401 0.7174603192689801 0.26069232141955806
9 0.2899696046874851 0.3203565390625231 0.2885920792354 0.3033792333229486 0.4065251757532451 0.29381026868291205 0.40790278644522004 0.31078747869101947