9 0.365625 0.275 0.6875 0.275 0.6875 0.30625 0.365625 0.30625
9 0.234375 0.203125 0.465625 0.203125 0.465625 0.23125 0.234375 0.23125
9 0.1796875 0.26875 0.3328125 0.26875 0.3328125 0.3046875 0.1796875 0.3046875
0 0.640625 0.546875 0.796875 0.546875 0.796875 0.6203125 0.640625 0.6203125
0 0.5 0.3375 0.5390625 0.3375 0.5390625 0.3703125 0.5 0.3703125
0 0.3828125 0.3578125 0.4375 0.3578125 0.4375 0.3828125 0.3828125 0.3828125
0 0.6234375 0.2125 0.653125 0.2125 0.653125 0.2375 0.6234375 0.2375
0 0.475 0.2296875 0.509375 0.2296875 0.509375 0.2515625 0.475 0.2515625
0 0.5140625 0.134375 0.540625 0.134375 0.540625 0.15625 0.5140625 0.15625
0 0.4171875 0.1078125 0.4609375 0.1078125 0.4609375 0.125 0.4171875 0.125
0 0.3671875 0.1359375 0.3890625 0.1359375 0.3890625 0.1609375 0.3671875 0.1609375
0 0.084375 0.553125 0.15 0.553125 0.15 0.6140625 0.084375 0.6140625
0 0.20625 0.6640625 0.240625 0.6640625 0.240625 0.684375 0.20625 0.684375
0 0.196875 0.5640625 0.2359375 0.5640625 0.2359375 0.5921875 0.196875 0.5921875
0 0.6265625 0.6765625 0.6453125 0.6765625 0.6453125 0.715625 0.6265625 0.715625
0 0.7890625 0.425 0.8109375 0.425 0.8109375 0.4546875 0.7890625 0.4546875