0 0.259375 0.1734375 0.2921875 0.1734375 0.2921875 0.196875 0.259375 0.196875
0 0.1203125 0.309375 0.153125 0.309375 0.153125 0.3328125 0.1203125 0.3328125
0 0.2265625 0.221875 0.28125 0.221875 0.28125 0.24375 0.2265625 0.24375
0 0.2703125 0.2546875 0.325 0.2546875 0.325 0.2859375 0.2703125 0.2859375
0 0.390625 0.2140625 0.41875 0.2140625 0.41875 0.2640625 0.390625 0.2640625
0 0.484375 0.1671875 0.5109375 0.1671875 0.5109375 0.190625 0.484375 0.190625
0 0.4140625 0.1328125 0.44375 0.1328125 0.44375 0.153125 0.4140625 0.153125
0 0.7140625 0.2109375 0.7359375 0.2109375 0.7359375 0.234375 0.7140625 0.234375
0 0.728125 0.2578125 0.753125 0.2578125 0.753125 0.2875 0.728125 0.2875
0 0.7140625 0.3390625 0.7390625 0.3390625 0.7390625 0.3625 0.7140625 0.3625
0 0.5 0.484375 0.6875 0.484375 0.6875 0.559375 0.5 0.559375
0 0.5796875 0.6390625 0.621875 0.6390625 0.621875 0.6640625 0.5796875 0.6640625
0 0.246875 0.33125 0.28125 0.33125 0.28125 0.390625 0.246875 0.390625
0 0.4171875 0.671875 0.446875 0.671875 0.446875 0.6953125 0.4171875 0.6953125
9 0.3453125 0.1984375 0.5609375 0.1984375 0.5609375 0.209375 0.3453125 0.209375