0 0.515625 0.3609375 0.559375 0.3609375 0.559375 0.3875 0.515625 0.3875
0 0.4375 0.225 0.465625 0.225 0.465625 0.2453125 0.4375 0.2453125
0 0.3109375 0.2359375 0.3671875 0.2359375 0.3671875 0.2671875 0.3109375 0.2671875
0 0.49375 0.15625 0.528125 0.15625 0.528125 0.178125 0.49375 0.178125
0 0.721875 0.1578125 0.765625 0.1578125 0.765625 0.2015625 0.721875 0.2015625
0 0.7828125 0.225 0.8109375 0.225 0.8109375 0.246875 0.7828125 0.246875
9 0.721875 0.25625 0.896875 0.25625 0.896875 0.29375 0.721875 0.29375
0 0.459375 0.1125 0.478125 0.1125 0.478125 0.1265625 0.459375 0.1265625
0 0.290625 0.45 0.3125 0.45 0.3125 0.475 0.290625 0.475
0 0.8015625 0.3234375 0.834375 0.3234375 0.834375 0.340625 0.8015625 0.340625
0 0.7390625 0.3890625 0.7609375 0.3890625 0.7609375 0.409375 0.7390625 0.409375
0 0.35625 0.15 0.3734375 0.15 0.3734375 0.1640625 0.35625 0.1640625
0 0.3015625 0.2171875 0.3171875 0.2171875 0.3171875 0.2375 0.3015625 0.2375