0 0.6328125 0.590625 0.6515625 0.590625 0.6515625 0.6109375 0.6328125 0.6109375
0 0.678125 0.5984375 0.7015625 0.5984375 0.7015625 0.6109375 0.678125 0.6109375
0 0.4828125 0.4390625 0.5015625 0.4390625 0.5015625 0.459375 0.4828125 0.459375
0 0.30625 0.6359375 0.33125 0.6359375 0.33125 0.6515625 0.30625 0.6515625
0 0.334375 0.61875 0.3671875 0.61875 0.3671875 0.6375 0.334375 0.6375
0 0.309375 0.6609375 0.3234375 0.6609375 0.3234375 0.6828125 0.309375 0.6828125
0 0.265625 0.6078125 0.2953125 0.6078125 0.2953125 0.653125 0.265625 0.653125
0 0.278125 0.6859375 0.3296875 0.6859375 0.3296875 0.75 0.278125 0.75
0 0.3328125 0.6984375 0.3875 0.6984375 0.3875 0.7546875 0.3328125 0.7546875
0 0.7015625 0.6109375 0.725 0.6109375 0.725 0.6265625 0.7015625 0.6265625
0 0.715625 0.6453125 0.7578125 0.6453125 0.7578125 0.6625 0.715625 0.6625
0 0.7609375 0.64375 0.8 0.64375 0.8 0.6796875 0.7609375 0.6796875
0 0.603125 0.846875 0.6328125 0.846875 0.6328125 0.871875 0.603125 0.871875
0 0.4921875 0.8734375 0.5390625 0.8734375 0.5390625 0.9078125 0.4921875 0.9078125
0 0.425 0.8453125 0.453125 0.8453125 0.453125 0.865625 0.425 0.865625
0 0.4203125 0.6421875 0.4484375 0.6421875 0.4484375 0.6640625 0.4203125 0.6640625
0 0.359375 0.6453125 0.3796875 0.6453125 0.3796875 0.659375 0.359375 0.659375