0 0.4921875 0.565625 0.5234375 0.565625 0.5234375 0.6078125 0.4921875 0.6078125
0 0.5484375 0.5296875 0.60625 0.5296875 0.60625 0.59375 0.5484375 0.59375
0 0.6484375 0.5734375 0.671875 0.5734375 0.671875 0.5890625 0.6484375 0.5890625
0 0.65 0.6390625 0.690625 0.6390625 0.690625 0.6796875 0.65 0.6796875
0 0.48125 0.6234375 0.5140625 0.6234375 0.5140625 0.646875 0.48125 0.646875
0 0.521875 0.625 0.590625 0.625 0.590625 0.665625 0.521875 0.665625
0 0.534375 0.678125 0.5671875 0.678125 0.5671875 0.71875 0.534375 0.71875
0 0.5125 0.7234375 0.55 0.7234375 0.55 0.746875 0.5125 0.746875
0 0.484375 0.6640625 0.5078125 0.6640625 0.5078125 0.6890625 0.484375 0.6890625
0 0.5828125 0.6703125 0.6265625 0.6703125 0.6265625 0.7125 0.5828125 0.7125
0 0.675 0.6953125 0.7171875 0.6953125 0.7171875 0.7171875 0.675 0.7171875
0 0.60625 0.7171875 0.65 0.7171875 0.65 0.7515625 0.60625 0.7515625
0 0.6203125 0.596875 0.659375 0.596875 0.659375 0.6328125 0.6203125 0.6328125
0 0.5890625 0.6546875 0.615625 0.6546875 0.615625 0.6703125 0.5890625 0.6703125
0 0.6875 0.5625 0.7109375 0.5625 0.7109375 0.58125 0.6875 0.58125
0 0.6609375 0.846875 0.7 0.846875 0.7 0.86875 0.6609375 0.86875
0 0.765625 0.8734375 0.7984375 0.8734375 0.7984375 0.9078125 0.765625 0.9078125
0 0.765625 0.6015625 0.7921875 0.6015625 0.7921875 0.6265625 0.765625 0.6265625
0 0.7359375 0.7171875 0.759375 0.7171875 0.759375 0.7328125 0.7359375 0.7328125
0 0.6640625 0.7328125 0.703125 0.7328125 0.703125 0.746875 0.6640625 0.746875
0 0.859375 0.4015625 0.884375 0.4015625 0.884375 0.4234375 0.859375 0.4234375