0 0.38125 0.5390625 0.403125 0.5390625 0.403125 0.553125 0.38125 0.553125
0 0.4 0.553125 0.4203125 0.553125 0.4203125 0.5671875 0.4 0.5671875
0 0.378125 0.5625 0.4015625 0.5625 0.4015625 0.575 0.378125 0.575
0 0.3984375 0.59375 0.43125 0.59375 0.43125 0.6109375 0.3984375 0.6109375
0 0.35625 0.6 0.3796875 0.6 0.3796875 0.6171875 0.35625 0.6171875
0 0.3453125 0.61875 0.36875 0.61875 0.36875 0.653125 0.3453125 0.653125
0 0.315625 0.6234375 0.3359375 0.6234375 0.3359375 0.64375 0.315625 0.64375
0 0.3046875 0.58125 0.3390625 0.58125 0.3390625 0.6125 0.3046875 0.6125
0 0.278125 0.6 0.3 0.6 0.3 0.6125 0.278125 0.6125
0 0.2078125 0.625 0.228125 0.625 0.228125 0.6375 0.2078125 0.6375
0 0.2296875 0.61875 0.2453125 0.61875 0.2453125 0.6296875 0.2296875 0.6296875
0 0.246875 0.6921875 0.2734375 0.6921875 0.2734375 0.70625 0.246875 0.70625
0 0.2640625 0.6265625 0.2875 0.6265625 0.2875 0.6390625 0.2640625 0.6390625
0 0.2515625 0.665625 0.2765625 0.665625 0.2765625 0.678125 0.2515625 0.678125
0 0.315625 0.6546875 0.3546875 0.6546875 0.3546875 0.6875 0.315625 0.6875
0 0.3984375 0.6421875 0.4203125 0.6421875 0.4203125 0.6609375 0.3984375 0.6609375
0 0.359375 0.6375 0.3875 0.6375 0.3875 0.6703125 0.359375 0.6703125
0 0.3875 0.6234375 0.4109375 0.6234375 0.4109375 0.6359375 0.3875 0.6359375
0 0.278125 0.65625 0.2984375 0.65625 0.2984375 0.6734375 0.278125 0.6734375
0 0.29375 0.5515625 0.325 0.5515625 0.325 0.5765625 0.29375 0.5765625
0 0.178125 0.671875 0.1984375 0.671875 0.1984375 0.6890625 0.178125 0.6890625
0 0.2125 0.665625 0.2296875 0.665625 0.2296875 0.68125 0.2125 0.68125
0 0.23125 0.8609375 0.2453125 0.8609375 0.2453125 0.896875 0.23125 0.896875
0 0.1921875 0.453125 0.20625 0.453125 0.20625 0.465625 0.1921875 0.465625
0 0.3828125 0.678125 0.4046875 0.678125 0.4046875 0.6890625 0.3828125 0.6890625
0 0.2765625 0.646875 0.2890625 0.646875 0.2890625 0.659375 0.2765625 0.659375
0 0.2859375 0.6203125 0.3109375 0.6203125 0.3109375 0.6359375 0.2859375 0.6359375