9 0.32398987812507585 0.36805650625000674 0.3244848414283297 0.3631031733102691 0.5033068477746383 0.3809704140640886 0.5028119396520196 0.38592369598078313
9 0.6213784031249361 0.38203683281250217 0.6216822819321806 0.37955729691690004 0.6971377792075373 0.388804179400383 0.6968339126003684 0.39128370411502505
9 0.5475175015624245 0.3912833734374918 0.5470939555988252 0.3881711326456237 0.61427819958692 0.3790282909668348 0.6147017559113692 0.3821405193884521
9 0.542152833201726 0.3930699557099444 0.5422973131037452 0.3955098967190929 0.5020623424082942 0.39789223349554453 0.5019178687497288 0.3954522984374798
9 0.587752475000002 0.34482964062502525 0.588138601315336 0.34137514620563125 0.7213609321248668 0.35626512433329693 0.720974832892125 0.3597195937494923
9 0.5743408226206839 0.34125587510176647 0.5743290982583176 0.3421187832017233 0.4867062608275319 0.3409280589120131 0.4867179890619582 0.34006515468744775
9 0.3239898781256443 0.33827847187504484 0.3241427815004272 0.3341477525408329 0.45289463417316256 0.338913112431742 0.45274175924964766 0.3430438040162018
9 0.5153295250004248 0.3728209937499858 0.5157338742130833 0.3604347292841434 0.7347906981827919 0.3675842760563516 0.734386506767919 0.3799703873715082
9 0.6530225503493057 0.3990255408421266 0.6529771325385809 0.39959375191514407 0.6082715964111003 0.3960205079532025 0.6083170156250617 0.39545229843748236
9 0.39359127656246073 0.3850207124999698 0.39407642367461904 0.38375138225638344 0.44786220283970124 0.40430767557492164 0.4473770609351959 0.40557700139478503
9 0.6932575109375421 0.3781810375000059 0.6938513700482645 0.3772131126558476 0.7270803670612622 0.3975994152081342 0.7264865104948512 0.3985673378266467
9 0.7264865500000042 0.3985672734375282 0.7267350311630025 0.39837642443259724 0.7444702664863598 0.4214661395298059 0.7442217856294064 0.4216569881881968