9 0.5130789500000219 0.2899415343749686 0.5189619601178492 0.26635951602248703 0.6959398949386468 0.31050857585462555 0.6900571141535465 0.3340903947974869
9 0.49406997187520574 0.32160085624996865 0.5003749847106747 0.29152665028998204 0.6985370081707742 0.33306893000083543 0.692232341507065 0.3631428353157511
9 0.5153894374999481 0.32352067031248777 0.520581684598028 0.30560767709475833 0.6911853633154124 0.3550562741674143 0.6859933063030894 0.3729691070220637
9 0.5763654515625376 0.33321422187499916 0.5793537609526993 0.3331158280218215 0.5808392339498596 0.3782292830672887 0.5778509245717487 0.37832767667949435
9 0.6674932007947518 0.3647074215477474 0.666655480021177 0.3679808582695146 0.6367766449345709 0.36033470611529633 0.6376143693214544 0.35706127498608964
9 0.4518823984375331 0.6043416125000088 0.44167992401696665 0.6004005710463259 0.47584625053946183 0.5119604391907696 0.4860485795798013 0.515901449552971
9 0.700551424037144 0.49088788960853647 0.6988211580402321 0.5011492469797059 0.6636466626438278 0.49521851454556504 0.665376950339919 0.4849571845734452
9 0.513975312382172 0.5592281323445325 0.5162113981692755 0.5601698914258222 0.49864599144348176 0.6018724490572753 0.4964099078124491 0.6009306937499811
9 0.48248324374992535 0.634715026562487 0.48085162667086934 0.6340425134842063 0.4947783416830589 0.6002581999028611 0.4964099489141063 0.6009307106911537
9 0.4695892953125167 0.5083080218749918 0.4682925350714413 0.5068610042817294 0.48623713128381496 0.4907809879416833 0.48753388953036847 0.4922280028757525
9 0.46423424843749217 0.5154118765625278 0.46377956782248475 0.515069155095563 0.4691346179052971 0.5079653027440622 0.46958929809602523 0.508308023973152
9 0.45671788437505256 0.529794285937523 0.45581775739378827 0.5293239108575228 0.46333413127888434 0.5149415062245233 0.46423425635191506 0.5154118806983083
9 0.4483172499999455 0.5507414687499966 0.44752684549962396 0.5504245135706062 0.45592749611262207 0.5294773368116362 0.45671789800735496 0.5297942914041275
9 0.6773779531249602 0.5815615500000159 0.6776981134266862 0.5814367305152425 0.6877993397511091 0.607343475931405 0.6874791796185491 0.6074682951018401
9 0.6874791979139445 0.6074682856565018 0.6879275523267552 0.6074924625164383 0.68620000284443 0.6395257174110907 0.6857516484374173 0.639501540624997
9 0.6857516385989584 0.6395015374295037 0.6860016397907884 0.6395827360406158 0.6803018136237142 0.6571296172133465 0.6800518124999826 0.6570484187499839