0 0.4453125 0.3203125 0.465625 0.3203125 0.465625 0.33125 0.4453125 0.33125
0 0.4671875 0.3359375 0.48125 0.3359375 0.48125 0.3484375 0.4671875 0.3484375
0 0.4578125 0.3734375 0.4703125 0.3734375 0.4703125 0.3859375 0.4578125 0.3859375
0 0.49375 0.4234375 0.5140625 0.4234375 0.5140625 0.4390625 0.49375 0.4390625
0 0.5140625 0.3671875 0.525 0.3671875 0.525 0.378125 0.5140625 0.378125
0 0.64375 0.6125 0.6625 0.6125 0.6625 0.6359375 0.64375 0.6359375
0 0.284375 0.596875 0.3015625 0.596875 0.3015625 0.6109375 0.284375 0.6109375
0 0.4828125 0.7328125 0.5109375 0.7328125 0.5109375 0.7546875 0.4828125 0.7546875
0 0.6453125 0.6625 0.665625 0.6625 0.665625 0.678125 0.6453125 0.678125
0 0.6359375 0.6828125 0.6578125 0.6828125 0.6578125 0.696875 0.6359375 0.696875
0 0.65625 0.634375 0.675 0.634375 0.675 0.6515625 0.65625 0.6515625