0 0.4984375 0.69375 0.5203125 0.69375 0.5203125 0.709375 0.4984375 0.709375
0 0.6203125 0.3640625 0.628125 0.3640625 0.628125 0.3734375 0.6203125 0.3734375
0 0.5765625 0.3453125 0.59375 0.3453125 0.59375 0.3515625 0.5765625 0.3515625
0 0.7140625 0.4765625 0.7359375 0.4765625 0.7359375 0.4921875 0.7140625 0.4921875
0 0.70625 0.5328125 0.7203125 0.5328125 0.7203125 0.546875 0.70625 0.546875
0 0.575 0.4890625 0.603125 0.4890625 0.603125 0.5 0.575 0.5
0 0.5703125 0.571875 0.6078125 0.571875 0.6078125 0.5953125 0.5703125 0.5953125
0 0.6203125 0.5328125 0.6328125 0.5328125 0.6328125 0.5421875 0.6203125 0.5421875
0 0.60625 0.540625 0.6234375 0.540625 0.6234375 0.553125 0.60625 0.553125
0 0.5984375 0.634375 0.625 0.634375 0.625 0.646875 0.5984375 0.646875
0 0.6234375 0.6421875 0.6390625 0.6421875 0.6390625 0.659375 0.6234375 0.659375
0 0.6375 0.615625 0.65 0.615625 0.65 0.6265625 0.6375 0.6265625
0 0.6109375 0.603125 0.628125 0.603125 0.628125 0.6125 0.6109375 0.6125
0 0.5828125 0.5953125 0.5984375 0.5953125 0.5984375 0.6078125 0.5828125 0.6078125
0 0.6265625 0.5796875 0.6453125 0.5796875 0.6453125 0.5953125 0.6265625 0.5953125
0 0.728125 0.5609375 0.7453125 0.5609375 0.7453125 0.5828125 0.728125 0.5828125
0 0.7515625 0.70625 0.7734375 0.70625 0.7734375 0.7234375 0.7515625 0.7234375
0 0.665625 0.75 0.6765625 0.75 0.6765625 0.7609375 0.665625 0.7609375
0 0.6421875 0.74375 0.6578125 0.74375 0.6578125 0.753125 0.6421875 0.753125
0 0.54375 0.684375 0.5671875 0.684375 0.5671875 0.7 0.54375 0.7
0 0.5171875 0.6703125 0.540625 0.6703125 0.540625 0.68125 0.5171875 0.68125
0 0.60625 0.665625 0.625 0.665625 0.625 0.678125 0.60625 0.678125
0 0.5703125 0.7078125 0.58125 0.7078125 0.58125 0.7234375 0.5703125 0.7234375
0 0.5953125 0.7453125 0.6078125 0.7453125 0.6078125 0.7625 0.5953125 0.7625
0 0.5546875 0.759375 0.571875 0.759375 0.571875 0.775 0.5546875 0.775
0 0.5296875 0.6171875 0.546875 0.6171875 0.546875 0.628125 0.5296875 0.628125
0 0.434375 0.703125 0.4546875 0.703125 0.4546875 0.7171875 0.434375 0.7171875