0 0.5484375 0.35625 0.5625 0.35625 0.5625 0.36875 0.5484375 0.36875
0 0.5515625 0.3921875 0.5671875 0.3921875 0.5671875 0.403125 0.5515625 0.403125
0 0.5765625 0.4078125 0.590625 0.4078125 0.590625 0.4203125 0.5765625 0.4203125
0 0.553125 0.65 0.56875 0.65 0.56875 0.6671875 0.553125 0.6671875
0 0.56875 0.728125 0.590625 0.728125 0.590625 0.7484375 0.56875 0.7484375
0 0.4671875 0.7359375 0.4859375 0.7359375 0.4859375 0.759375 0.4671875 0.759375
0 0.396875 0.615625 0.4203125 0.615625 0.4203125 0.6390625 0.396875 0.6390625
0 0.4390625 0.5640625 0.45 0.5640625 0.45 0.5765625 0.4390625 0.5765625
0 0.3921875 0.4796875 0.4125 0.4796875 0.4125 0.4953125 0.3921875 0.4953125
0 0.615625 0.759375 0.6359375 0.759375 0.6359375 0.771875 0.615625 0.771875
0 0.4515625 0.8375 0.4734375 0.8375 0.4734375 0.8515625 0.4515625 0.8515625