9 0.5395389783579958 0.39287730391445397 0.5390343368705999 0.3956807680334729 0.5181766276422195 0.3919264058981558 0.5186812718749252 0.3891229453124957
9 0.48362459843758643 0.3967862609375126 0.48296753205420373 0.39378053312070926 0.5180242162012973 0.3861172938690262 0.5186812871750135 0.3891230153011039
9 0.5395389734375158 0.39287733124996765 0.5396197957663844 0.39242834029983015 0.5543812063522182 0.3950853947853771 0.5543003844812802 0.3955343853301421
9 0.4836245921860609 0.396786208000464 0.48396254207500533 0.39964794658766084 0.4548320083413273 0.4030878506560654 0.45449406406260096 0.4002261171875408
9 0.6059921153043888 0.4047482808617288 0.6058488554210726 0.40555051900566 0.5541600178123645 0.3963205371449014 0.5543032796874741 0.39551830156250833
9 0.4677991874999634 0.4183569984374712 0.4666424542592722 0.41485968647174654 0.5001143991001982 0.4037893990130627 0.5012711363552853 0.40728670333805234
9 0.5010539023065803 0.40936708039005826 0.5013066151954035 0.4069466076164459 0.5631330046599032 0.41340124324230776 0.5628803020355235 0.41582170655697187
9 0.49600659374937095 0.4262804265625234 0.4965361098446692 0.42015000238196515 0.566262218912243 0.42617214275132953 0.5657327327994608 0.43230253894125226
9 0.5058316437500707 0.43959178437496976 0.5086210144801271 0.4297911230272899 0.588805920371442 0.4526110712708587 0.5860166146868551 0.46241167679036016
9 0.6671525505810223 0.4852305085434541 0.671589006957106 0.4968058129560534 0.6146674885494576 0.518620239529365 0.6102310956662222 0.5070449888568341
9 0.5765086203124383 0.5118534484375269 0.5772803949112131 0.5108556900040556 0.61784824112965 0.5422325979356514 0.6170764710220737 0.5432303522588754
9 0.5872844828124926 0.5048808312499661 0.5876399283780529 0.5039725576395842 0.6386667212746033 0.5239398026300279 0.6383112803163158 0.5248480723335988