9 0.4030217593751786 0.2358490562500298 0.4038804803196854 0.2258973972351657 0.502837171720671 0.23443601198538846 0.5019784888634149 0.24438763526190493
9 0.3871177624999973 0.3085014109374542 0.3875229440260455 0.28608965544833714 0.4775250137038256 0.2877166220126685 0.47711992526274116 0.31012828593311714
9 0.48913760008190366 0.2797800077168565 0.4914960186154076 0.27972701126993377 0.4932136175071946 0.35616040693320977 0.4908551989805119 0.35621340318302036
9 0.5359605234375522 0.2753450843750068 0.536030423119314 0.2744209051796499 0.5729752657141489 0.2772151119772305 0.5729053675702289 0.2781392897300448
9 0.5262268168055471 0.2742491880280401 0.5282898206705795 0.2798032532102109 0.48424328425551266 0.29616346636357205 0.4821802937500479 0.29060941250003774
9 0.5053133812499482 0.31446540937503087 0.5026407422586772 0.3011352472793128 0.5756545613584194 0.2864966088428896 0.5783272338983352 0.2998267251819029
9 0.5082050332731569 0.36434612794182586 0.5060615345106498 0.3645787476462519 0.501001166516744 0.3179511191162275 0.5031446546875031 0.3177184999999945
9 0.5289396593750553 0.2534500546874764 0.5288509173419698 0.2506726108759561 0.5765170714062151 0.2491496243259895 0.576605818337157 0.25192706302747164
9 0.4281271124999648 0.2523326562500113 0.42853447057200356 0.24966558536859965 0.4731064304025949 0.2564731654521476 0.47269907754343876 0.25914023166933925
9 0.49533947610723317 0.2651114992747374 0.49480235131329664 0.2635639023992994 0.5284025471778477 0.25190249928568853 0.5289396730053113 0.2534500939598482
9 0.5089925624999978 0.23326572031251147 0.5085332029656229 0.23054180366321242 0.5542397694084684 0.2228339688251287 0.5546991324023338 0.22555788106442373