9 0.6921875 0.3109375 0.7109375 0.3109375 0.7109375 0.3703125 0.6921875 0.3703125
4 0.3453125 0.4546875 0.434375 0.4546875 0.434375 0.5703125 0.3453125 0.5703125
4 0.3640625 0.5359375 0.5203125 0.5359375 0.5203125 0.6234375 0.3640625 0.6234375
0 0.5859375 0.7125 0.6421875 0.7125 0.6421875 0.73125 0.5859375 0.73125
0 0.584375 0.6578125 0.6078125 0.6578125 0.6078125 0.69375 0.584375 0.69375
0 0.6484375 0.690625 0.68125 0.690625 0.68125 0.703125 0.6484375 0.703125
0 0.6671875 0.709375 0.6796875 0.709375 0.6796875 0.7234375 0.6671875 0.7234375
0 0.621875 0.7390625 0.66875 0.7390625 0.66875 0.7484375 0.621875 0.7484375
0 0.459375 0.4828125 0.478125 0.4828125 0.478125 0.5 0.459375 0.5
0 0.553125 0.5484375 0.578125 0.5484375 0.578125 0.5703125 0.553125 0.5703125
1 0.390625 0.4296875 0.4296875 0.4296875 0.4296875 0.44375 0.390625 0.44375