8 0.3015625 0.3671875 0.328125 0.3671875 0.328125 0.39375 0.3015625 0.39375
8 0.5203125 0.371875 0.5515625 0.371875 0.5515625 0.4203125 0.5203125 0.4203125
8 0.3046875 0.3859375 0.33125 0.3859375 0.33125 0.4203125 0.3046875 0.4203125
8 0.3875 0.3859375 0.421875 0.3859375 0.421875 0.428125 0.3875 0.428125
8 0.3390625 0.390625 0.3734375 0.390625 0.3734375 0.4359375 0.3390625 0.4359375
8 0.6734375 0.4140625 0.7046875 0.4140625 0.7046875 0.4515625 0.6734375 0.4515625
8 0.340625 0.425 0.371875 0.425 0.371875 0.4703125 0.340625 0.4703125
8 0.40625 0.4328125 0.4328125 0.4328125 0.4328125 0.4703125 0.40625 0.4703125
8 0.5765625 0.4515625 0.609375 0.4515625 0.609375 0.4859375 0.5765625 0.4859375
8 0.209375 0.4515625 0.2359375 0.4515625 0.2359375 0.496875 0.209375 0.496875
8 0.3703125 0.4578125 0.4 0.4578125 0.4 0.5 0.3703125 0.5
8 0.503125 0.5078125 0.5421875 0.5078125 0.5421875 0.5484375 0.503125 0.5484375
8 0.578125 0.5484375 0.609375 0.5484375 0.609375 0.60625 0.578125 0.60625
8 0.65625 0.553125 0.69375 0.553125 0.69375 0.60625 0.65625 0.60625
8 0.371875 0.5875 0.3984375 0.5875 0.3984375 0.625 0.371875 0.625
8 0.35 0.6671875 0.38125 0.6671875 0.38125 0.7125 0.35 0.7125
8 0.3078125 0.696875 0.3421875 0.696875 0.3421875 0.746875 0.3078125 0.746875
8 0.7296875 0.7046875 0.7765625 0.7046875 0.7765625 0.7578125 0.7296875 0.7578125
8 0.2171875 0.7203125 0.24375 0.7203125 0.24375 0.7546875 0.2171875 0.7546875
8 0.278125 0.73125 0.3 0.73125 0.3 0.765625 0.278125 0.765625
8 0.221875 0.8671875 0.253125 0.8671875 0.253125 0.925 0.221875 0.925
0 0.3375 0.0640625 0.3703125 0.0640625 0.3703125 0.121875 0.3375 0.121875
0 0.7421875 0.89375 0.7828125 0.89375 0.7828125 0.94375 0.7421875 0.94375
8 0.38125 0.1328125 0.3921875 0.1328125 0.3921875 0.1671875 0.38125 0.1671875
8 0.3890625 0.1484375 0.415625 0.1484375 0.415625 0.19375 0.3890625 0.19375
0 0.571875 0.1640625 0.6078125 0.1640625 0.6078125 0.2015625 0.571875 0.2015625
8 0.315625 0.1625 0.3515625 0.1625 0.3515625 0.2046875 0.315625 0.2046875
8 0.346875 0.190625 0.36875 0.190625 0.36875 0.228125 0.346875 0.228125
8 0.4 0.228125 0.4296875 0.228125 0.4296875 0.26875 0.4 0.26875
8 0.509375 0.2390625 0.540625 0.2390625 0.540625 0.2734375 0.509375 0.2734375
8 0.3453125 0.2421875 0.3671875 0.2421875 0.3671875 0.284375 0.3453125 0.284375
8 0.428125 0.2765625 0.453125 0.2765625 0.453125 0.303125 0.428125 0.303125
8 0.35625 0.2875 0.390625 0.2875 0.390625 0.321875 0.35625 0.321875
8 0.3875 0.315625 0.403125 0.315625 0.403125 0.353125 0.3875 0.353125
8 0.53125 0.3109375 0.5671875 0.3109375 0.5671875 0.35625 0.53125 0.35625
8 0.5859375 0.3109375 0.6125 0.3109375 0.6125 0.359375 0.5859375 0.359375
8 0.434375 0.321875 0.45625 0.321875 0.45625 0.35625 0.434375 0.35625
8 0.3375 0.3375 0.3546875 0.3375 0.3546875 0.371875 0.3375 0.371875
8 0.265625 0.3453125 0.296875 0.3453125 0.296875 0.3828125 0.265625 0.3828125
8 0.6078125 0.3484375 0.6390625 0.3484375 0.6390625 0.3984375 0.6078125 0.3984375
8 0.559375 0.3609375 0.590625 0.3609375 0.590625 0.3953125 0.559375 0.3953125