9 0.4522615250000399 0.12675913749999604 0.4560358634662407 0.10467781412246469 0.7522158725315649 0.1553024770207407 0.7484416936463276 0.17738366235867167
9 0.4961239605592027 0.19155610252857483 0.5033000386767981 0.1954234068831479 0.4692523730304856 0.2586005136296118 0.4620763015625471 0.2547332187500055
9 0.5478036171874692 0.1887212718750019 0.5531954675964244 0.18758802208807196 0.5622178816936412 0.2305149130523433 0.5568260317822933 0.2316481612537999
9 0.44018847812503736 0.16118254531248297 0.44054474593201576 0.1566364544735915 0.5317267191114752 0.16378202487966598 0.531370462279142 0.16832810574995205
9 0.6196686437500603 0.16602612031246017 0.6204079402477873 0.16232651114606808 0.6606274044627298 0.17036351632708227 0.6598881123956062 0.17406312163003274
9 0.6700106688793994 0.2587830033937434 0.6692237740506926 0.259558808476608 0.6424719594541557 0.23242508990383146 0.6432588531250758 0.23164928593747616
9 0.29700562343748516 0.14032601093750716 0.2966157670393841 0.13944057586872205 0.35042336248693573 0.11574922996116684 0.35081321917300556 0.11663466399002946
9 0.2970056203200784 0.14032600385722588 0.2973954730747437 0.14121142479871068 0.2794596194926271 0.14910856587273943 0.27906976718747956 0.14822314531249992
9 0.4037087703125053 0.09922041093747488 0.403620476616652 0.09157843854396955 0.5523370626075348 0.08986008263422164 0.5524253725177459 0.09750203694738184
9 0.5550352328126564 0.09755902031252889 0.5555683070351733 0.09302810145780209 0.6523038359856628 0.10440919244095342 0.6517707692543127 0.10894010430276875
9 0.39094087343744377 0.252303329687486 0.3860816882438485 0.24662949347890975 0.41091361187932307 0.2253633195716969 0.41577279260684463 0.23103714897314698