0 0.409375 0.1953125 0.43125 0.1953125 0.43125 0.209375 0.409375 0.209375
0 0.36875 0.215625 0.3953125 0.215625 0.3953125 0.2390625 0.36875 0.2390625
0 0.5890625 0.1859375 0.6421875 0.1859375 0.6421875 0.1953125 0.5890625 0.1953125
0 0.646875 0.1640625 0.703125 0.1640625 0.703125 0.1765625 0.646875 0.1765625
0 0.653125 0.2203125 0.7046875 0.2203125 0.7046875 0.2375 0.653125 0.2375
0 0.578125 0.2625 0.6359375 0.2625 0.6359375 0.2765625 0.578125 0.2765625
0 0.2546875 0.46875 0.290625 0.46875 0.290625 0.484375 0.2546875 0.484375
0 0.2046875 0.4796875 0.2359375 0.4796875 0.2359375 0.4953125 0.2046875 0.4953125
0 0.39375 0.475 0.446875 0.475 0.446875 0.496875 0.39375 0.496875
0 0.4265625 0.5609375 0.4546875 0.5609375 0.4546875 0.58125 0.4265625 0.58125
0 0.6 0.5453125 0.6296875 0.5453125 0.6296875 0.5640625 0.6 0.5640625