9 0.44082468564761257 0.07077884087183209 0.4406287698456026 0.0692042176176481 0.49732751294118316 0.06214971080425737 0.4975234295206974 0.06372433314993507
9 0.4407522258818517 0.0673877092116124 0.44064387414016437 0.07194085921608497 0.33064212847409635 0.06932307915378345 0.3307504852942884 0.06476993457371565
9 0.3011235824300229 0.0730569301682709 0.3012196281154047 0.07409792063378569 0.27184972655732054 0.07680768855072685 0.27175368125006116 0.07576669843750292
9 0.4533169830717725 0.24608287695259592 0.45015462117783045 0.24641400456855425 0.44529815728412814 0.20003408179071733 0.44846050937508153 0.19970295468749552
9 0.47824636311213453 0.30407030479754027 0.4744694456120442 0.3060563676387734 0.4525120183122908 0.2643007104709681 0.4562889234375689 0.2623146515624765
9 0.41542305169082283 0.17549503335948527 0.4190226932046244 0.17598271089004294 0.40520606617576505 0.2779643929510593 0.40160642499995447 0.2774767171874945
9 0.4016064079048647 0.27747670065464136 0.4036296782385307 0.2794334182821278 0.3842187164096913 0.2995040824168809 0.3821954484375283 0.29754736718752184
9 0.44377510000003895 0.1409963078125456 0.44278703743350434 0.1351441096619819 0.5170842381953662 0.12260007298245078 0.5180723077467064 0.12845226222566086
9 0.5083210536937486 0.19122100842145026 0.5068383740380114 0.18324953251193765 0.6123058289009577 0.1636328025383475 0.6137885264636225 0.17160425635527493
9 0.438822123122236 0.029491883739611237 0.43822584754320815 0.02435224932090532 0.5107825730806326 0.015934559839792486 0.5113788497972109 0.021074192970433517
9 0.43862919243053966 0.02779094100926908 0.43865834152597927 0.02952126393417819 0.3913250377881923 0.03031863816532513 0.3912958890680329 0.02858831562504689
9 0.26282864218751456 0.04120272656249212 0.26133272710103483 0.026354889748337357 0.3883103508196655 0.013561905883840724 0.3898062727349725 0.028409732951185433
9 0.2352744312499908 0.0657313750000297 0.23451126414340706 0.06487407291102858 0.2620654810407359 0.040345431221709895 0.2628286479966846 0.041202733088179976
9 0.23828647968753103 0.13497511250003552 0.2336404458008019 0.12611350108882913 0.28819201012947815 0.09751288622392679 0.29283804532053637 0.10637448817931854
9 0.3627844718749884 0.10537090625000688 0.3635544588682933 0.10257837695714343 0.40917567731287363 0.11515750323713202 0.40840569291765405 0.11795003029382631
9 0.4552569307223848 0.11189209916161413 0.45546539660028884 0.11276608575966589 0.429257996648289 0.11901712211924315 0.42904953124991607 0.1181431359375289
9 0.18855743823485227 0.3488089550404337 0.1901977248522826 0.34701166299056674 0.22419714880902575 0.3780397684599347 0.22255686695075383 0.3798370559269785
9 0.22690758404985445 0.3928828761000215 0.22763903253655826 0.3940038704153953 0.1933680827921762 0.4163645055545519 0.19263663750007254 0.41524351406254045
9 0.19263664599145613 0.41524350064915316 0.1915481377981223 0.4169629414508514 0.17762635141184546 0.408150074956754 0.17871485937496345 0.4064306359375207