0 0.5640625 0.2390625 0.58125 0.2390625 0.58125 0.25 0.5640625 0.25
0 0.64375 0.2078125 0.6609375 0.2078125 0.6609375 0.2171875 0.64375 0.2171875
0 0.6265625 0.1984375 0.646875 0.1984375 0.646875 0.2078125 0.6265625 0.2078125
0 0.609375 0.18125 0.625 0.18125 0.625 0.1875 0.609375 0.1875
0 0.5765625 0.19375 0.596875 0.19375 0.596875 0.203125 0.5765625 0.203125
0 0.425 0.1921875 0.440625 0.1921875 0.440625 0.2 0.425 0.2
0 0.4109375 0.2 0.4390625 0.2 0.4390625 0.2125 0.4109375 0.2125
0 0.384375 0.2125 0.40625 0.2125 0.40625 0.2234375 0.384375 0.2234375
0 0.3734375 0.221875 0.3921875 0.221875 0.3921875 0.240625 0.3734375 0.240625
0 0.3984375 0.2515625 0.434375 0.2515625 0.434375 0.2703125 0.3984375 0.2703125
0 0.43125 0.2203125 0.4484375 0.2203125 0.4484375 0.2265625 0.43125 0.2265625
0 0.4484375 0.221875 0.5171875 0.221875 0.5171875 0.2375 0.4484375 0.2375
0 0.540625 0.2109375 0.578125 0.2109375 0.578125 0.221875 0.540625 0.221875
0 0.6390625 0.2453125 0.653125 0.2453125 0.653125 0.253125 0.6390625 0.253125
0 0.6171875 0.2546875 0.628125 0.2546875 0.628125 0.2625 0.6171875 0.2625
0 0.5671875 0.28125 0.58125 0.28125 0.58125 0.296875 0.5671875 0.296875
0 0.5359375 0.30625 0.553125 0.30625 0.553125 0.315625 0.5359375 0.315625
0 0.540625 0.28125 0.5515625 0.28125 0.5515625 0.29375 0.540625 0.29375
0 0.440625 0.2453125 0.4546875 0.2453125 0.4546875 0.25625 0.440625 0.25625
0 0.478125 0.259375 0.4921875 0.259375 0.4921875 0.26875 0.478125 0.26875
0 0.60625 0.225 0.6296875 0.225 0.6296875 0.2359375 0.60625 0.2359375
0 0.7046875 0.2875 0.7265625 0.2875 0.7265625 0.2984375 0.7046875 0.2984375
0 0.7171875 0.4328125 0.7765625 0.4328125 0.7765625 0.4484375 0.7171875 0.4484375
0 0.7375 0.4078125 0.7625 0.4078125 0.7625 0.428125 0.7375 0.428125
0 0.65625 0.45 0.6734375 0.45 0.6734375 0.465625 0.65625 0.465625
4 0.58125 0.4078125 0.6859375 0.4078125 0.6859375 0.48125 0.58125 0.48125
0 0.653125 0.4671875 0.6765625 0.4671875 0.6765625 0.4875 0.653125 0.4875
4 0.328125 0.40625 0.4125 0.40625 0.4125 0.446875 0.328125 0.446875
0 0.528125 0.46875 0.5421875 0.46875 0.5421875 0.4765625 0.528125 0.4765625
0 0.3 0.4640625 0.325 0.4640625 0.325 0.4734375 0.3 0.4734375
0 0.275 0.4234375 0.2890625 0.4234375 0.2890625 0.4359375 0.275 0.4359375
0 0.4140625 0.3953125 0.428125 0.3953125 0.428125 0.4015625 0.4140625 0.4015625
0 0.4578125 0.29375 0.46875 0.29375 0.46875 0.3 0.4578125 0.3
0 0.375 0.2703125 0.3921875 0.2703125 0.3921875 0.2796875 0.375 0.2796875
0 0.65 0.490625 0.6765625 0.490625 0.6765625 0.503125 0.65 0.503125
0 0.7 0.459375 0.71875 0.459375 0.71875 0.48125 0.7 0.48125
0 0.578125 0.475 0.6 0.475 0.6 0.4875 0.578125 0.4875
0 0.3265625 0.4453125 0.3375 0.4453125 0.3375 0.4515625 0.3265625 0.4515625
0 0.3125 0.43125 0.3296875 0.43125 0.3296875 0.4390625 0.3125 0.4390625
0 0.3671875 0.4109375 0.3890625 0.4109375 0.3890625 0.421875 0.3671875 0.421875
0 0.309375 0.41875 0.33125 0.41875 0.33125 0.4265625 0.309375 0.4265625
0 0.6015625 0.5515625 0.61875 0.5515625 0.61875 0.5625 0.6015625 0.5625
0 0.4078125 0.309375 0.425 0.309375 0.425 0.315625 0.4078125 0.315625
0 0.6046875 0.240625 0.621875 0.240625 0.621875 0.246875 0.6046875 0.246875
0 0.5203125 0.228125 0.5359375 0.228125 0.5359375 0.234375 0.5203125 0.234375
0 0.6578125 0.434375 0.6890625 0.434375 0.6890625 0.45 0.6578125 0.45
0 0.59375 0.425 0.6125 0.425 0.6125 0.4375 0.59375 0.4375
0 0.2859375 0.3859375 0.2984375 0.3859375 0.2984375 0.4046875 0.2859375 0.4046875
0 0.371875 0.4296875 0.3921875 0.4296875 0.3921875 0.4375 0.371875 0.4375