9 0.5804131209849857 0.051249110239293655 0.5792135872973176 0.05926038278303785 0.3652886980173662 0.027229097442720195 0.36648823997063573 0.019217835671435163
9 0.5388334862880129 0.2755859825569534 0.5313976881117242 0.2756383467817135 0.5304307478080545 0.13832883899595255 0.5378664812500347 0.13827647499999984
9 0.30676104218741784 0.06381991249996995 0.30652862691374594 0.057513403267367494 0.4377140007291018 0.052678729040740994 0.43794642310058407 0.058985230778970076
9 0.5458545122080523 0.07774562162259695 0.5467083844421268 0.07027382183102678 0.6775302979028766 0.08522394965633624 0.6766764392097002 0.0926957366140322
9 0.36276581406252717 0.08590750468753318 0.36390746203630897 0.07530322539783113 0.534093823082344 0.093625155300527 0.5329522025426741 0.10422940821649165
9 0.5115237444833838 0.11682365891860816 0.5113511143342748 0.11498222809443802 0.623980009539423 0.10442344560270883 0.6241526428215138 0.10626487290932159
9 0.3323001704644639 0.110196643175344 0.3465364893085052 0.07581981123254423 0.5210715021884198 0.14809870443069825 0.5068353326918213 0.18247541024593447
9 0.3770158749999837 0.11603620312497592 0.3961138467427645 0.08951161834906078 0.5182568954775206 0.1774552498312111 0.4991590203285341 0.2039797458936659
9 0.5667452453125179 0.16692927499997742 0.5625734341141424 0.14613509014415962 0.6924525832004065 0.12007826841062669 0.6966244375634005 0.14087238823235232
9 0.5679666796875154 0.22230093750000413 0.5708033804676234 0.22166372066695575 0.5834248352894065 0.2778496779062614 0.5805881349659785 0.2784868933340547
9 0.553444186436991 0.15843220268799532 0.5442115085778596 0.1464297656013268 0.5892698747136365 0.11176955866998477 0.5985025457771371 0.12377198107264607
9 0.630153940625064 0.43939042343747803 0.6316840922394249 0.43744308487705724 0.6664024172924883 0.46472183869114514 0.6648722721093918 0.4666691713301994
9 0.7283980917515009 0.4997289482234391 0.7269886569619075 0.5022904510725363 0.6645008471228948 0.46790964106662897 0.6659102828124333 0.4653481515625162
9 0.7415082747049837 0.4843151920665212 0.7425331443466803 0.48285891615847726 0.7820258466746282 0.510650206229624 0.7810009829870523 0.5121064768052661
9 0.75083159218741 0.4680126859375218 0.7509397441771171 0.46727372160782704 0.7943413344443115 0.47362531439327893 0.7942331850448454 0.47436427640190126
9 0.7942332046875435 0.47436414218748923 0.7947574790852059 0.4723120876060379 0.8185152099315474 0.4783814516023625 0.8179909397706524 0.48043350253880723
9 0.8179909499999667 0.48043346249997465 0.8189137657818719 0.4793376994696434 0.8316327466257007 0.49004844226946437 0.8307099322793192 0.4911442039525928
9 0.8307099421874682 0.49114419218752625 0.8321002978012757 0.48982909402225777 0.8475041627971223 0.506113223379006 0.8461138093682621 0.5074283193040149
9 0.8461138281249987 0.507428301562487 0.8473833073329615 0.5068492909633416 0.8650429208116748 0.5455647457138949 0.8637734428197064 0.546143754342104
9 0.7926046265624791 0.5422758562499987 0.797805430456151 0.5397685755850233 0.8186918634155518 0.5830888053769843 0.8134910661682397 0.5855960757108597
9 0.3447047770306426 0.4401637716248564 0.34669580528156985 0.44449684618621393 0.2839679878558172 0.4733179992052763 0.28197698394012605 0.4689849453083176
9 0.1783863234375076 0.5430494312499845 0.1714335672040761 0.5333142920079229 0.27505424307355497 0.45931472445082266 0.28200697073748415 0.4690497703810162
9 0.25574379218744525 0.543049431249995 0.2515916175877919 0.5423969980436754 0.26010099957079547 0.4882467766570647 0.2642531390544036 0.4888992070520006
9 0.31569270919737846 0.2519810613147531 0.30679307430261815 0.25671977449160815 0.26076854659595483 0.17028368119176324 0.26966813593753614 0.16554498281248897