0 0.3265625 0.4484375 0.35625 0.4484375 0.35625 0.465625 0.3265625 0.465625
0 0.30625 0.4359375 0.3234375 0.4359375 0.3234375 0.45 0.30625 0.45
0 0.3375 0.4234375 0.3578125 0.4234375 0.3578125 0.4390625 0.3375 0.4390625
0 0.3140625 0.4125 0.3296875 0.4125 0.3296875 0.421875 0.3140625 0.421875
0 0.5890625 0.515625 0.6125 0.515625 0.6125 0.5328125 0.5890625 0.5328125
0 0.5578125 0.509375 0.575 0.509375 0.575 0.51875 0.5578125 0.51875
0 0.6484375 0.48125 0.6765625 0.48125 0.6765625 0.5 0.6484375 0.5
0 0.665625 0.4484375 0.6890625 0.4484375 0.6890625 0.4625 0.665625 0.4625
0 0.609375 0.428125 0.63125 0.428125 0.63125 0.440625 0.609375 0.440625
4 0.4515625 0.321875 0.5578125 0.321875 0.5578125 0.4234375 0.4515625 0.4234375
0 0.634375 0.2125 0.6640625 0.2125 0.6640625 0.2296875 0.634375 0.2296875
4 0.4875 0.3078125 0.575 0.3078125 0.575 0.3484375 0.4875 0.3484375
0 0.6375 0.159375 0.6578125 0.159375 0.6578125 0.1734375 0.6375 0.1734375
0 0.65625 0.1671875 0.6796875 0.1671875 0.6796875 0.178125 0.65625 0.178125
0 0.6546875 0.18125 0.6703125 0.18125 0.6703125 0.1953125 0.6546875 0.1953125
0 0.634375 0.1765625 0.6484375 0.1765625 0.6484375 0.184375 0.634375 0.184375
0 0.58125 0.2109375 0.5984375 0.2109375 0.5984375 0.221875 0.58125 0.221875
0 0.73125 0.259375 0.753125 0.259375 0.753125 0.271875 0.73125 0.271875
0 0.565625 0.234375 0.578125 0.234375 0.578125 0.2484375 0.565625 0.2484375
0 0.5765625 0.2890625 0.5984375 0.2890625 0.5984375 0.2984375 0.5765625 0.2984375
0 0.571875 0.2578125 0.59375 0.2578125 0.59375 0.2765625 0.571875 0.2765625
0 0.6140625 0.2015625 0.63125 0.2015625 0.63125 0.2125 0.6140625 0.2125
0 0.6390625 0.196875 0.6546875 0.196875 0.6546875 0.2078125 0.6390625 0.2078125
0 0.4890625 0.353125 0.51875 0.353125 0.51875 0.365625 0.4890625 0.365625
0 0.5203125 0.3390625 0.5390625 0.3390625 0.5390625 0.3484375 0.5203125 0.3484375
0 0.490625 0.3765625 0.5109375 0.3765625 0.5109375 0.3890625 0.490625 0.3890625
0 0.4359375 0.3625 0.4515625 0.3625 0.4515625 0.3734375 0.4359375 0.3734375
0 0.4140625 0.3484375 0.4296875 0.3484375 0.4296875 0.3625 0.4140625 0.3625
0 0.4171875 0.3671875 0.4328125 0.3671875 0.4328125 0.38125 0.4171875 0.38125
0 0.4359375 0.4140625 0.4671875 0.4140625 0.4671875 0.4359375 0.4359375 0.4359375
0 0.4078125 0.490625 0.4328125 0.490625 0.4328125 0.4984375 0.4078125 0.4984375
0 0.453125 0.4703125 0.4625 0.4703125 0.4625 0.4796875 0.453125 0.4796875
0 0.4140625 0.4125 0.440625 0.4125 0.440625 0.4265625 0.4140625 0.4265625
0 0.434375 0.3875 0.45 0.3875 0.45 0.4 0.434375 0.4
0 0.340625 0.4703125 0.3578125 0.4703125 0.3578125 0.4828125 0.340625 0.4828125
0 0.4453125 0.509375 0.471875 0.509375 0.471875 0.525 0.4453125 0.525
0 0.45 0.4859375 0.4703125 0.4859375 0.4703125 0.5 0.45 0.5
0 0.6078125 0.4734375 0.6234375 0.4734375 0.6234375 0.4859375 0.6078125 0.4859375
0 0.578125 0.4546875 0.5984375 0.4546875 0.5984375 0.4671875 0.578125 0.4671875
0 0.575 0.428125 0.5921875 0.428125 0.5921875 0.440625 0.575 0.440625
0 0.515625 0.4234375 0.5375 0.4234375 0.5375 0.4328125 0.515625 0.4328125
0 0.478125 0.421875 0.490625 0.421875 0.490625 0.43125 0.478125 0.43125
0 0.4546875 0.4375 0.4703125 0.4375 0.4703125 0.4484375 0.4546875 0.4484375
0 0.6328125 0.540625 0.65 0.540625 0.65 0.5515625 0.6328125 0.5515625
0 0.5046875 0.534375 0.5234375 0.534375 0.5234375 0.546875 0.5046875 0.546875
0 0.653125 0.4140625 0.66875 0.4140625 0.66875 0.421875 0.653125 0.421875
0 0.73125 0.3875 0.7484375 0.3875 0.7484375 0.396875 0.73125 0.396875
0 0.61875 0.5015625 0.66875 0.5015625 0.66875 0.53125 0.61875 0.53125
0 0.540625 0.45 0.55625 0.45 0.55625 0.4625 0.540625 0.4625
0 0.5078125 0.4453125 0.5296875 0.4453125 0.5296875 0.45625 0.5078125 0.45625
0 0.4609375 0.4546875 0.4953125 0.4546875 0.4953125 0.475 0.4609375 0.475
0 0.628125 0.2515625 0.6484375 0.2515625 0.6484375 0.2625 0.628125 0.2625
0 0.65 0.2703125 0.66875 0.2703125 0.66875 0.278125 0.65 0.278125
0 0.6140625 0.271875 0.6328125 0.271875 0.6328125 0.2828125 0.6140625 0.2828125
0 0.746875 0.2375 0.775 0.2375 0.775 0.259375 0.746875 0.259375
0 0.56875 0.225 0.59375 0.225 0.59375 0.2359375 0.56875 0.2359375
0 0.5046875 0.2921875 0.5375 0.2921875 0.5375 0.3046875 0.5046875 0.3046875
0 0.5125 0.3640625 0.53125 0.3640625 0.53125 0.3734375 0.5125 0.3734375
0 0.459375 0.3859375 0.4765625 0.3859375 0.4765625 0.4 0.459375 0.4
0 0.53125 0.3921875 0.5546875 0.3921875 0.5546875 0.4046875 0.53125 0.4046875
0 0.553125 0.475 0.58125 0.475 0.58125 0.4859375 0.553125 0.4859375
0 0.5015625 0.4921875 0.521875 0.4921875 0.521875 0.503125 0.5015625 0.503125
0 0.41875 0.44375 0.440625 0.44375 0.440625 0.4578125 0.41875 0.4578125
0 0.3953125 0.4375 0.4078125 0.4375 0.4078125 0.4484375 0.3953125 0.4484375
0 0.4640625 0.528125 0.503125 0.528125 0.503125 0.5453125 0.4640625 0.5453125
0 0.51875 0.5078125 0.5546875 0.5078125 0.5546875 0.53125 0.51875 0.53125
0 0.48125 0.4796875 0.503125 0.4796875 0.503125 0.49375 0.48125 0.49375
0 0.3421875 0.378125 0.3578125 0.378125 0.3578125 0.39375 0.3421875 0.39375