0 0.6125 0.65625 0.6296875 0.65625 0.6296875 0.66875 0.6125 0.66875
0 0.5796875 0.6453125 0.6265625 0.6453125 0.6265625 0.6546875 0.5796875 0.6546875
0 0.309375 0.628125 0.325 0.628125 0.325 0.64375 0.309375 0.64375
0 0.2890625 0.6375 0.30625 0.6375 0.30625 0.65 0.2890625 0.65
0 0.2859375 0.6953125 0.309375 0.6953125 0.309375 0.7171875 0.2859375 0.7171875
0 0.2546875 0.6828125 0.2859375 0.6828125 0.2859375 0.696875 0.2546875 0.696875
0 0.23125 0.6328125 0.25 0.6328125 0.25 0.659375 0.23125 0.659375
0 0.63125 0.6890625 0.64375 0.6890625 0.64375 0.7078125 0.63125 0.7078125
0 0.60625 0.6953125 0.6234375 0.6953125 0.6234375 0.7296875 0.60625 0.7296875
0 0.6578125 0.6671875 0.671875 0.6671875 0.671875 0.68125 0.6578125 0.68125
0 0.3 0.6671875 0.3265625 0.6671875 0.3265625 0.6828125 0.3 0.6828125
0 0.246875 0.6671875 0.2859375 0.6671875 0.2859375 0.6859375 0.246875 0.6859375
0 0.3359375 0.425 0.3609375 0.425 0.3609375 0.4390625 0.3359375 0.4390625
0 0.40625 0.4296875 0.446875 0.4296875 0.446875 0.446875 0.40625 0.446875
0 0.546875 0.459375 0.5671875 0.459375 0.5671875 0.471875 0.546875 0.471875