1 0.43125 0.509375 0.4796875 0.509375 0.4796875 0.5796875 0.43125 0.5796875
1 0.2015625 0.525 0.2546875 0.525 0.2546875 0.5796875 0.2015625 0.5796875
1 0.7453125 0.525 0.790625 0.525 0.790625 0.5859375 0.7453125 0.5859375
1 0.821875 0.51875 0.875 0.51875 0.875 0.5953125 0.821875 0.5953125
1 0.54375 0.55625 0.584375 0.55625 0.584375 0.6171875 0.54375 0.6171875
1 0.146875 0.55 0.2 0.55 0.2 0.6265625 0.146875 0.6265625
1 0.5 0.5796875 0.534375 0.5796875 0.534375 0.6328125 0.5 0.6328125
1 0.2640625 0.6421875 0.325 0.6421875 0.325 0.7125 0.2640625 0.7125
1 0.3265625 0.703125 0.3921875 0.703125 0.3921875 0.778125 0.3265625 0.778125
1 0.659375 0.71875 0.7078125 0.71875 0.7078125 0.79375 0.659375 0.79375
1 0.721875 0.8265625 0.7625 0.8265625 0.7625 0.8890625 0.721875 0.8890625
1 0.4375 0.0765625 0.503125 0.0765625 0.503125 0.1265625 0.4375 0.1265625
1 0.4515625 0.1328125 0.509375 0.1328125 0.509375 0.19375 0.4515625 0.19375
1 0.5609375 0.1328125 0.61875 0.1328125 0.61875 0.21875 0.5609375 0.21875
1 0.521875 0.25 0.575 0.25 0.575 0.3203125 0.521875 0.3203125
1 0.3984375 0.296875 0.4640625 0.296875 0.4640625 0.3765625 0.3984375 0.3765625
1 0.6328125 0.3796875 0.68125 0.3796875 0.68125 0.434375 0.6328125 0.434375
1 0.734375 0.3578125 0.80625 0.3578125 0.80625 0.453125 0.734375 0.453125
1 0.43125 0.4328125 0.4765625 0.4328125 0.4765625 0.49375 0.43125 0.49375
1 0.6546875 0.4453125 0.6921875 0.4453125 0.6921875 0.490625 0.6546875 0.490625
1 0.4828125 0.465625 0.540625 0.465625 0.540625 0.528125 0.4828125 0.528125