9 0.35181086406248596 0.4118652093750528 0.34865883837471756 0.40071232039284843 0.4537526741826241 0.3710118359641578 0.4569047436417577 0.38216465246410003
9 0.42629092499998933 0.40968774218752746 0.4235436152556531 0.3896257482841014 0.5988224802209743 0.36562307695337637 0.6015699662655152 0.38568486466534685
9 0.384709199781355 0.4175715627290204 0.38583706232782333 0.41907542431176464 0.3730358077174287 0.4286755506580335 0.3719079468750124 0.42717169062495775
9 0.3614341890624928 0.43502633281250674 0.3605480110431927 0.43384472518018014 0.37102177427232164 0.4259900906892859 0.3719079518878061 0.42717169730892596
9 0.40188838906237834 0.43612924374995254 0.4019865106766929 0.4347986117583509 0.4280003877619265 0.43671676462697506 0.42790226860836356 0.438047394299901
9 0.37845884218756964 0.44423877343755014 0.37803582616527365 0.4430166856388408 0.40146538439501 0.4349071936277919 0.40188840139967397 0.43612927939172985
9 0.36814813593753115 0.4511384187499695 0.36777815120728974 0.4505855528500685 0.3780888622557086 0.44368591502887095 0.37845884688897513 0.4442387804628317
9 0.4524964567267489 0.45841268438529587 0.45627541672433836 0.4594680852259266 0.44555672283468084 0.49784472902910964 0.4417777640624081 0.49678933124998925
9 0.46214340624987926 0.3584939234374959 0.46290898605650455 0.34160112442348567 0.6036779108378596 0.3479799783587877 0.6029124643541763 0.36487265148901
9 0.4822852484375062 0.4088441921875051 0.48428223209759835 0.4085750883123306 0.4927865311270807 0.471680766064494 0.4907895476986823 0.47194986879424417
9 0.5533816546875414 0.40019006874996 0.5532609340356203 0.3996052161587564 0.5763836009924717 0.39483263505497956 0.5765043222548911 0.39541748680683725
9 0.5425764999999956 0.40712557031246865 0.541861604625069 0.40610425258448835 0.5504007545939658 0.40012736989524134 0.5511156497838101 0.40114868696810224
9 0.542576489160183 0.407125554247981 0.5429252672849998 0.4076424400221432 0.5269460821057237 0.41842412577246235 0.5265973046874706 0.41790724062498374
9 0.47423524258306315 0.33138339841575676 0.47334807594927497 0.3286456834487803 0.5129536535285979 0.31581172736344487 0.5138408231211997 0.3185494367058958
9 0.458211820920269 0.3511633954406377 0.45860464774568754 0.3541096855175439 0.4162099849021388 0.35976186451962955 0.41581716562484416 0.35681558125004315
9 0.46885734205227436 0.45248109272136644 0.47141991556827634 0.4527191499453322 0.46761535623147665 0.49367070339436064 0.46505278281256324 0.49343264687500155
9 0.34576831093750116 0.4991390109374732 0.34338989524280805 0.4975737023812634 0.3667162836436546 0.46213284803898824 0.3690946884087225 0.4636981517084848
9 0.4032844715439978 0.495446656243193 0.40199283363642735 0.4956707796307858 0.3978033791298685 0.4715283948611359 0.3990950125000836 0.47130427187499285
9 0.3951862391098757 0.5047086357960533 0.394087773647243 0.5050784949571173 0.38249175727219153 0.4706413800123738 0.383590217187475 0.47027152187501337
9 0.474004710311533 0.30042327800893903 0.47570892491171435 0.30051365799534796 0.47414233959000285 0.33005248298307577 0.47243812500005333 0.32996210312500074
9 0.40216545992689134 0.6599242029994872 0.4039765567935092 0.6604169149429394 0.3983301636312717 0.6811689452361197 0.3965190671874552 0.6806762343750018
9 0.39030416406251334 0.7109458125000111 0.38831802663776216 0.7105380810935049 0.39453295812586475 0.6802685075403183 0.39651908299424576 0.6806762376199658
9 0.376428671874919 0.6585815328125001 0.37751564925406456 0.6585746317414107 0.37773944688603933 0.6938198208340561 0.37665246950712117 0.6938267218801131
9 0.37441448750007567 0.4904116296874774 0.37527429338047114 0.49003745207345095 0.3857927924332216 0.5142055908955583 0.384932986997228 0.5145797677535541
9 0.5874704227525172 0.4457677226506775 0.5896154209497126 0.4459663374753153 0.5862584543767753 0.48221853306338075 0.5841134562500656 0.4820199187500025
9 0.41201257524483026 0.3537945252307079 0.41221737153318827 0.3541908143606073 0.38558539865027797 0.367953260351634 0.385380603124986 0.3675569718750094