9 0.44736842031261403 0.21918994999995145 0.4458204902075522 0.20048500182748258 0.5400374870054065 0.19268805618881318 0.5415854675484297 0.21139294837269046
9 0.4512670562500034 0.18713450312498836 0.44956655147905167 0.17682051184775355 0.5099954034491248 0.166857443498709 0.5116959218006514 0.17717141775415082
9 0.4489928531249916 0.15681178281253577 0.4477670161002152 0.15148572021074413 0.5204049750627746 0.13476755630567483 0.5216308181551312 0.14009360996073073
9 0.5958772242288433 0.15832633192894052 0.5965375985488208 0.16387544774793647 0.53734275267459 0.17091983402463184 0.536682387419205 0.16537072630584104
9 0.4653881021287134 0.1638872166018526 0.46477087832261077 0.16179048544774294 0.47595883294457053 0.1584970645206782 0.4765760570975317 0.16059379506657553
9 0.45388821718745476 0.1680424843750456 0.4535740056319355 0.16709525816777787 0.4651758018636656 0.1632467691979737 0.46549001357004727 0.16419399511507293
9 0.44664545937496314 0.17254675156251922 0.44639126252309325 0.1721380122749868 0.4536340211659535 0.16763374649829238 0.45388821800884216 0.1680424856956424
9 0.6256506582719794 0.17659530456957037 0.6261995169926422 0.1788201062958954 0.5846377057689551 0.18907327595675763 0.5840888501091968 0.1868484768592038
9 0.5796712432372715 0.18776494349641049 0.5795448116855368 0.19118311280074088 0.5486011530251744 0.19003856313726922 0.548727587500025 0.1866203968749454
9 0.5749180180406483 0.15333795997158117 0.5747108403776338 0.15050517541640776 0.6125747766743643 0.1477359738110927 0.6127819566046355 0.15056875590207855
9 0.6084120562500175 0.21562453125004755 0.6072032522927202 0.20580282635841138 0.6803026666742653 0.1968061582011843 0.6815114901711468 0.20662784103705936
9 0.6455240671874662 0.17363922656254546 0.647105823504603 0.1667019941928624 0.7076096119462818 0.18049727252419392 0.7060278689884854 0.18743449333112633
9 0.6223684203125686 0.20394736875002198 0.6222417092897103 0.20380178730870815 0.6459259349093145 0.18318776826834682 0.6460526458404274 0.1833333495757343