4 0.2875 0.415625 0.409375 0.415625 0.409375 0.54375 0.2875 0.54375
4 0.6140625 0.41875 0.7296875 0.41875 0.7296875 0.51875 0.6140625 0.51875
4 0.4609375 0.421875 0.5265625 0.421875 0.5265625 0.4828125 0.4609375 0.4828125
0 0.615625 0.153125 0.6421875 0.153125 0.6421875 0.1734375 0.615625 0.1734375
0 0.471875 0.2953125 0.4921875 0.2953125 0.4921875 0.309375 0.471875 0.309375
0 0.5734375 0.546875 0.59375 0.546875 0.59375 0.5609375 0.5734375 0.5609375
9 0.6390625 0.5484375 0.675 0.5484375 0.675 0.6265625 0.6390625 0.6265625
0 0.3796875 0.5375 0.4015625 0.5375 0.4015625 0.5515625 0.3796875 0.5515625
0 0.2734375 0.5671875 0.290625 0.5671875 0.290625 0.5828125 0.2734375 0.5828125
0 0.44375 0.23125 0.465625 0.23125 0.465625 0.24375 0.44375 0.24375
0 0.4296875 0.10625 0.453125 0.10625 0.453125 0.1203125 0.4296875 0.1203125