4 0.3671875 0.453125 0.5515625 0.453125 0.5515625 0.4953125 0.3671875 0.4953125
4 0.434375 0.4890625 0.515625 0.4890625 0.515625 0.5546875 0.434375 0.5546875
0 0.540625 0.5578125 0.5578125 0.5578125 0.5578125 0.571875 0.540625 0.571875
0 0.4015625 0.7 0.4171875 0.7 0.4171875 0.7109375 0.4015625 0.7109375
0 0.4140625 0.728125 0.4375 0.728125 0.4375 0.7390625 0.4140625 0.7390625
0 0.425 0.6984375 0.4390625 0.6984375 0.4390625 0.7109375 0.425 0.7109375
0 0.3796875 0.5921875 0.3984375 0.5921875 0.3984375 0.6109375 0.3796875 0.6109375
0 0.3765625 0.540625 0.3984375 0.540625 0.3984375 0.55625 0.3765625 0.55625
0 0.4484375 0.58125 0.46875 0.58125 0.46875 0.6015625 0.4484375 0.6015625
4 0.7125 0.4578125 0.7765625 0.4578125 0.7765625 0.5328125 0.7125 0.5328125
0 0.5875 0.375 0.60625 0.375 0.60625 0.390625 0.5875 0.390625
0 0.515625 0.2671875 0.53125 0.2671875 0.53125 0.278125 0.515625 0.278125
0 0.5921875 0.5734375 0.6109375 0.5734375 0.6109375 0.5859375 0.5921875 0.5859375
0 0.440625 0.6828125 0.453125 0.6828125 0.453125 0.6921875 0.440625 0.6921875
0 0.434375 0.6625 0.4484375 0.6625 0.4484375 0.6734375 0.434375 0.6734375