0 0.603125 0.1703125 0.6203125 0.1703125 0.6203125 0.18125 0.603125 0.18125
0 0.6625 0.2171875 0.6828125 0.2171875 0.6828125 0.2375 0.6625 0.2375
0 0.6953125 0.190625 0.7140625 0.190625 0.7140625 0.2046875 0.6953125 0.2046875
0 0.7265625 0.253125 0.75625 0.253125 0.75625 0.271875 0.7265625 0.271875
0 0.7234375 0.24375 0.74375 0.24375 0.74375 0.2546875 0.7234375 0.2546875
0 0.70625 0.259375 0.71875 0.259375 0.71875 0.26875 0.70625 0.26875
0 0.6546875 0.24375 0.68125 0.24375 0.68125 0.253125 0.6546875 0.253125
0 0.5984375 0.1875 0.6203125 0.1875 0.6203125 0.1953125 0.5984375 0.1953125
0 0.621875 0.190625 0.6390625 0.190625 0.6390625 0.2046875 0.621875 0.2046875
0 0.54375 0.190625 0.559375 0.190625 0.559375 0.2015625 0.54375 0.2015625
0 0.55 0.421875 0.5640625 0.421875 0.5640625 0.43125 0.55 0.43125
0 0.4375 0.30625 0.4625 0.30625 0.4625 0.325 0.4375 0.325
0 0.471875 0.209375 0.4921875 0.209375 0.4921875 0.2234375 0.471875 0.2234375
0 0.478125 0.1421875 0.4921875 0.1421875 0.4921875 0.153125 0.478125 0.153125
0 0.403125 0.259375 0.4203125 0.259375 0.4203125 0.2703125 0.403125 0.2703125
0 0.63125 0.15625 0.6453125 0.15625 0.6453125 0.171875 0.63125 0.171875
0 0.6390625 0.225 0.6484375 0.225 0.6484375 0.2359375 0.6390625 0.2359375
0 0.6375 0.240625 0.6578125 0.240625 0.6578125 0.253125 0.6375 0.253125
0 0.690625 0.2265625 0.7171875 0.2265625 0.7171875 0.2453125 0.690625 0.2453125
0 0.590625 0.2109375 0.60625 0.2109375 0.60625 0.2234375 0.590625 0.2234375
0 0.55 0.3296875 0.5703125 0.3296875 0.5703125 0.3484375 0.55 0.3484375
0 0.5203125 0.35625 0.5359375 0.35625 0.5359375 0.371875 0.5203125 0.371875
0 0.509375 0.1984375 0.53125 0.1984375 0.53125 0.221875 0.509375 0.221875
0 0.2734375 0.5453125 0.290625 0.5453125 0.290625 0.5609375 0.2734375 0.5609375