0 0.44375 0.5203125 0.46875 0.5203125 0.46875 0.534375 0.44375 0.534375
0 0.178125 0.4515625 0.2015625 0.4515625 0.2015625 0.471875 0.178125 0.471875
0 0.284375 0.3546875 0.3046875 0.3546875 0.3046875 0.3734375 0.284375 0.3734375
0 0.546875 0.309375 0.56875 0.309375 0.56875 0.321875 0.546875 0.321875
0 0.4703125 0.334375 0.4890625 0.334375 0.4890625 0.35 0.4703125 0.35
0 0.615625 0.4140625 0.63125 0.4140625 0.63125 0.43125 0.615625 0.43125
0 0.59375 0.3875 0.609375 0.3875 0.609375 0.403125 0.59375 0.403125
0 0.5546875 0.396875 0.5671875 0.396875 0.5671875 0.4078125 0.5546875 0.4078125
0 0.578125 0.53125 0.6078125 0.53125 0.6078125 0.5546875 0.578125 0.5546875
0 0.55 0.525 0.58125 0.525 0.58125 0.5515625 0.55 0.5515625
0 0.5234375 0.603125 0.5359375 0.603125 0.5359375 0.6171875 0.5234375 0.6171875
0 0.55625 0.6328125 0.578125 0.6328125 0.578125 0.659375 0.55625 0.659375
0 0.5953125 0.6203125 0.6140625 0.6203125 0.6140625 0.6390625 0.5953125 0.6390625
0 0.5203125 0.76875 0.5359375 0.76875 0.5359375 0.7875 0.5203125 0.7875
0 0.3875 0.8046875 0.415625 0.8046875 0.415625 0.825 0.3875 0.825
0 0.546875 0.484375 0.571875 0.484375 0.571875 0.4984375 0.546875 0.4984375
0 0.5390625 0.415625 0.55625 0.415625 0.55625 0.4296875 0.5390625 0.4296875
0 0.5078125 0.2953125 0.540625 0.2953125 0.540625 0.3296875 0.5078125 0.3296875
0 0.1703125 0.25 0.190625 0.25 0.190625 0.2796875 0.1703125 0.2796875
0 0.271875 0.240625 0.2953125 0.240625 0.2953125 0.259375 0.271875 0.259375
0 0.2109375 0.2484375 0.2375 0.2484375 0.2375 0.26875 0.2109375 0.26875
0 0.24375 0.24375 0.2625 0.24375 0.2625 0.2609375 0.24375 0.2609375
0 0.1859375 0.2875 0.2 0.2875 0.2 0.303125 0.1859375 0.303125
0 0.34375 0.2515625 0.375 0.2515625 0.375 0.265625 0.34375 0.265625
0 0.528125 0.334375 0.56875 0.334375 0.56875 0.38125 0.528125 0.38125
4 0.3734375 0.53125 0.4984375 0.53125 0.4984375 0.6203125 0.3734375 0.6203125