0 0.6734375 0.4609375 0.690625 0.4609375 0.690625 0.471875 0.6734375 0.471875
0 0.5296875 0.2671875 0.60625 0.2671875 0.60625 0.30625 0.5296875 0.30625
0 0.6734375 0.3265625 0.7140625 0.3265625 0.7140625 0.3484375 0.6734375 0.3484375
0 0.7546875 0.3046875 0.771875 0.3046875 0.771875 0.3328125 0.7546875 0.3328125
0 0.734375 0.3359375 0.7578125 0.3359375 0.7578125 0.3515625 0.734375 0.3515625
0 0.4265625 0.290625 0.4765625 0.290625 0.4765625 0.3171875 0.4265625 0.3171875
0 0.5921875 0.2453125 0.621875 0.2453125 0.621875 0.25625 0.5921875 0.25625
0 0.6171875 0.321875 0.6390625 0.321875 0.6390625 0.334375 0.6171875 0.334375
0 0.303125 0.4328125 0.328125 0.4328125 0.328125 0.45 0.303125 0.45
0 0.2484375 0.45625 0.2875 0.45625 0.2875 0.4828125 0.2484375 0.4828125
0 0.290625 0.4140625 0.30625 0.4140625 0.30625 0.4234375 0.290625 0.4234375
0 0.271875 0.3984375 0.290625 0.3984375 0.290625 0.4109375 0.271875 0.4109375
0 0.28125 0.3703125 0.2921875 0.3703125 0.2921875 0.378125 0.28125 0.378125
0 0.3765625 0.546875 0.396875 0.546875 0.396875 0.56875 0.3765625 0.56875
0 0.446875 0.6375 0.471875 0.6375 0.471875 0.65 0.446875 0.65
0 0.4078125 0.646875 0.4265625 0.646875 0.4265625 0.6578125 0.4078125 0.6578125
0 0.4390625 0.7390625 0.4578125 0.7390625 0.4578125 0.753125 0.4390625 0.753125
0 0.390625 0.7578125 0.44375 0.7578125 0.44375 0.7875 0.390625 0.7875
0 0.365625 0.79375 0.3921875 0.79375 0.3921875 0.8078125 0.365625 0.8078125
0 0.3640625 0.78125 0.384375 0.78125 0.384375 0.7890625 0.3640625 0.7890625
0 0.29375 0.63125 0.3265625 0.63125 0.3265625 0.6546875 0.29375 0.6546875
0 0.3375 0.6484375 0.3546875 0.6484375 0.3546875 0.703125 0.3375 0.703125
0 0.2703125 0.6640625 0.3109375 0.6640625 0.3109375 0.69375 0.2703125 0.69375
0 0.3140625 0.703125 0.3671875 0.703125 0.3671875 0.7453125 0.3140625 0.7453125
0 0.5203125 0.8515625 0.5328125 0.8515625 0.5328125 0.8640625 0.5203125 0.8640625
0 0.5515625 0.9078125 0.5796875 0.9078125 0.5796875 0.9203125 0.5515625 0.9203125
0 0.2921875 0.54375 0.3109375 0.54375 0.3109375 0.5625 0.2921875 0.5625
0 0.271875 0.565625 0.2859375 0.565625 0.2859375 0.575 0.271875 0.575
0 0.3828125 0.728125 0.4046875 0.728125 0.4046875 0.7484375 0.3828125 0.7484375
0 0.25 0.6375 0.28125 0.6375 0.28125 0.6578125 0.25 0.6578125
0 0.3703125 0.4203125 0.4015625 0.4203125 0.4015625 0.44375 0.3703125 0.44375
0 0.425 0.409375 0.45 0.409375 0.45 0.43125 0.425 0.43125
0 0.440625 0.396875 0.45 0.396875 0.45 0.409375 0.440625 0.409375
0 0.2953125 0.2921875 0.3140625 0.2921875 0.3140625 0.3046875 0.2953125 0.3046875
0 0.4875 0.2421875 0.5015625 0.2421875 0.5015625 0.2484375 0.4875 0.2484375
0 0.384375 0.3109375 0.409375 0.3109375 0.409375 0.3296875 0.384375 0.3296875
0 0.6765625 0.2796875 0.6984375 0.2796875 0.6984375 0.290625 0.6765625 0.290625
0 0.653125 0.2796875 0.66875 0.2796875 0.66875 0.2921875 0.653125 0.2921875
0 0.71875 0.2546875 0.7375 0.2546875 0.7375 0.2671875 0.71875 0.2671875
0 0.728125 0.2875 0.740625 0.2875 0.740625 0.2984375 0.728125 0.2984375
0 0.746875 0.2984375 0.7515625 0.2984375 0.7515625 0.30625 0.746875 0.30625
0 0.6921875 0.3125 0.71875 0.3125 0.71875 0.325 0.6921875 0.325
0 0.665625 0.2984375 0.6859375 0.2984375 0.6859375 0.30625 0.665625 0.30625
0 0.5890625 0.8609375 0.6203125 0.8609375 0.6203125 0.8890625 0.5890625 0.8890625
0 0.496875 0.9046875 0.5375 0.9046875 0.5375 0.921875 0.496875 0.921875
0 0.2828125 0.7375 0.3140625 0.7375 0.3140625 0.75625 0.2828125 0.75625
0 0.6265625 0.8984375 0.640625 0.8984375 0.640625 0.9078125 0.6265625 0.9078125
4 0.4734375 0.68125 0.534375 0.68125 0.534375 0.73125 0.4734375 0.73125
4 0.4359375 0.653125 0.496875 0.653125 0.496875 0.675 0.4359375 0.675
4 0.4125 0.596875 0.4734375 0.596875 0.4734375 0.634375 0.4125 0.634375
4 0.696875 0.5234375 0.73125 0.5234375 0.73125 0.546875 0.696875 0.546875
4 0.71875 0.55625 0.7625 0.55625 0.7625 0.5875 0.71875 0.5875
4 0.5484375 0.7671875 0.5734375 0.7671875 0.5734375 0.790625 0.5484375 0.790625
4 0.503125 0.640625 0.5546875 0.640625 0.5546875 0.6703125 0.503125 0.6703125
4 0.43125 0.703125 0.478125 0.703125 0.478125 0.7390625 0.43125 0.7390625
4 0.3703125 0.603125 0.403125 0.603125 0.403125 0.65 0.3703125 0.65
0 0.3859375 0.2703125 0.409375 0.2703125 0.409375 0.296875 0.3859375 0.296875
0 0.55 0.2359375 0.5796875 0.2359375 0.5796875 0.25625 0.55 0.25625
0 0.496875 0.2875 0.5171875 0.2875 0.5171875 0.31875 0.496875 0.31875
0 0.2296875 0.5375 0.246875 0.5375 0.246875 0.565625 0.2296875 0.565625
5 0.45 0.528125 0.6171875 0.528125 0.6171875 0.6078125 0.45 0.6078125