5 0.2859375 0.4515625 0.3953125 0.4515625 0.3953125 0.5 0.2859375 0.5
5 0.5 0.446875 0.6125 0.446875 0.6125 0.496875 0.5 0.496875
9 0.321875 0.61875 0.35 0.61875 0.35 0.65 0.321875 0.65
9 0.3953125 0.6796875 0.4796875 0.6796875 0.4796875 0.6984375 0.3953125 0.6984375
9 0.55625 0.5984375 0.584375 0.5984375 0.584375 0.6296875 0.55625 0.6296875
9 0.4125 0.3359375 0.43125 0.3359375 0.43125 0.371875 0.4125 0.371875
9 0.3515625 0.5578125 0.3671875 0.5578125 0.3671875 0.5765625 0.3515625 0.5765625
9 0.3390625 0.578125 0.3625 0.578125 0.3625 0.6125 0.3390625 0.6125
9 0.534375 0.5609375 0.56875 0.5609375 0.56875 0.5984375 0.534375 0.5984375
0 0.259375 0.49375 0.2859375 0.49375 0.2859375 0.5171875 0.259375 0.5171875
0 0.33125 0.5296875 0.3546875 0.5296875 0.3546875 0.546875 0.33125 0.546875
0 0.2484375 0.4390625 0.2625 0.4390625 0.2625 0.45 0.2484375 0.45
0 0.296875 0.5046875 0.3171875 0.5046875 0.3171875 0.51875 0.296875 0.51875
0 0.625 0.4671875 0.646875 0.4671875 0.646875 0.496875 0.625 0.496875
0 0.61875 0.5015625 0.65 0.5015625 0.65 0.51875 0.61875 0.51875
0 0.275 0.553125 0.2953125 0.553125 0.2953125 0.5671875 0.275 0.5671875
0 0.50625 0.7046875 0.5296875 0.7046875 0.5296875 0.7171875 0.50625 0.7171875
0 0.6015625 0.540625 0.6078125 0.540625 0.6078125 0.5546875 0.6015625 0.5546875
0 0.6140625 0.553125 0.625 0.553125 0.625 0.5625 0.6140625 0.5625
4 0.3328125 0.503125 0.3734375 0.503125 0.3734375 0.5234375 0.3328125 0.5234375