9 0.2125 0.7 0.271875 0.7 0.271875 0.7328125 0.2125 0.7328125
9 0.1296875 0.734375 0.1921875 0.734375 0.1921875 0.75625 0.1296875 0.75625
0 0.3875 0.4046875 0.4203125 0.4046875 0.4203125 0.4203125 0.3875 0.4203125
0 0.2796875 0.2875 0.3015625 0.2875 0.3015625 0.3015625 0.2796875 0.3015625
0 0.2484375 0.3 0.2671875 0.3 0.2671875 0.3109375 0.2484375 0.3109375
0 0.5 0.596875 0.528125 0.596875 0.528125 0.6140625 0.5 0.6140625
0 0.4828125 0.63125 0.503125 0.63125 0.503125 0.6640625 0.4828125 0.6640625
0 0.409375 0.6890625 0.43125 0.6890625 0.43125 0.7015625 0.409375 0.7015625
0 0.4453125 0.5375 0.4609375 0.5375 0.4609375 0.5484375 0.4453125 0.5484375
0 0.4171875 0.5609375 0.45625 0.5609375 0.45625 0.58125 0.4171875 0.58125
0 0.4015625 0.4296875 0.4296875 0.4296875 0.4296875 0.465625 0.4015625 0.465625
0 0.43125 0.4125 0.4515625 0.4125 0.4515625 0.425 0.43125 0.425
0 0.4484375 0.4328125 0.46875 0.4328125 0.46875 0.4515625 0.4484375 0.4515625
0 0.3296875 0.4 0.3421875 0.4 0.3421875 0.4140625 0.3296875 0.4140625
0 0.3625 0.4171875 0.3765625 0.4171875 0.3765625 0.425 0.3625 0.425
0 0.3484375 0.4890625 0.3671875 0.4890625 0.3671875 0.4984375 0.3484375 0.4984375
0 0.3890625 0.4859375 0.4234375 0.4859375 0.4234375 0.5 0.3890625 0.5
0 0.3109375 0.5125 0.3375 0.5125 0.3375 0.5234375 0.3109375 0.5234375
0 0.3578125 0.50625 0.36875 0.50625 0.36875 0.5234375 0.3578125 0.5234375
0 0.271875 0.5640625 0.2875 0.5640625 0.2875 0.5734375 0.271875 0.5734375
0 0.321875 0.534375 0.3453125 0.534375 0.3453125 0.553125 0.321875 0.553125
0 0.4109375 0.51875 0.43125 0.51875 0.43125 0.5375 0.4109375 0.5375
0 0.3703125 0.5328125 0.4046875 0.5328125 0.4046875 0.5515625 0.3703125 0.5515625
0 0.4 0.6171875 0.4171875 0.6171875 0.4171875 0.6296875 0.4 0.6296875
0 0.5125 0.5671875 0.5390625 0.5671875 0.5390625 0.5796875 0.5125 0.5796875
0 0.484375 0.478125 0.4984375 0.478125 0.4984375 0.490625 0.484375 0.490625
0 0.43125 0.5453125 0.446875 0.5453125 0.446875 0.5578125 0.43125 0.5578125
0 0.29375 0.615625 0.3234375 0.615625 0.3234375 0.6296875 0.29375 0.6296875
0 0.4546875 0.6109375 0.475 0.6109375 0.475 0.621875 0.4546875 0.621875
0 0.359375 0.559375 0.375 0.559375 0.375 0.5703125 0.359375 0.5703125
0 0.3109375 0.6640625 0.340625 0.6640625 0.340625 0.68125 0.3109375 0.68125
0 0.29375 0.696875 0.3171875 0.696875 0.3171875 0.7140625 0.29375 0.7140625
0 0.284375 0.71875 0.309375 0.71875 0.309375 0.73125 0.284375 0.73125
0 0.528125 0.5484375 0.546875 0.5484375 0.546875 0.559375 0.528125 0.559375
0 0.4390625 0.49375 0.46875 0.49375 0.46875 0.5078125 0.4390625 0.5078125