9 0.3884686874999943 0.13504666406254667 0.3875109213686301 0.13315830566934414 0.435840068524044 0.10864609713247324 0.43679783491529633 0.11053445356965383
9 0.3496258177905247 0.16080561432099408 0.34776563796356186 0.15800059426060362 0.386608526720579 0.13224167474405604 0.38846870584450244 0.13504669172470876
9 0.34928134362019136 0.16028616316928598 0.349565185664801 0.16090320398817126 0.3166040460582735 0.17606536055879377 0.3163202046874858 0.175448320312513
9 0.25097184843752984 0.19864154843752652 0.24800642136756323 0.1901479939580286 0.3134723310568006 0.16729149925928954 0.316437766303693 0.17578503778719723
9 0.3275726814463269 0.20276149016207376 0.3259549494825933 0.2005966146749286 0.4031376921404899 0.14292128281701527 0.4047554218668665 0.14508615272292208
9 0.4624121000000514 0.15662639531252145 0.4630473042899439 0.15457593465727268 0.495225860230903 0.16454432056436732 0.494590657935305 0.166594779510081
9 0.4145349625000563 0.17270533750000783 0.41313265865665016 0.16930738720112787 0.44537061803055167 0.15600316856336943 0.4467729229265842 0.15940111588977562
9 0.3696935453124297 0.2044122874999932 0.36801118092887464 0.20203302893999725 0.41285263984832454 0.17032614010418867 0.4145350030744339 0.17270539488179118
9 0.3335819417732182 0.23253387064595765 0.33454874766266585 0.2377628053713829 0.2698355446491405 0.2497276985351805 0.2688687531249343 0.24449877656249264
9 0.23491059062496333 0.2504913953125264 0.2301723238234672 0.24236874419071716 0.28051035489352216 0.21300501830425905 0.2852486215449517 0.22112765278141872
9 0.4374062828125034 0.19063719062505446 0.43700926647898086 0.18890901024941814 0.46862515462703414 0.18164593204600477 0.4690221720570662 0.18337411081063937
9 0.4109187484374388 0.20271238906251737 0.4098321586533302 0.2003289233141769 0.43631970183378144 0.18825374745172674 0.4374062921432369 0.19063721109224388
9 0.3839270015624834 0.22771944843751007 0.38246832515949336 0.22614502292051114 0.4094600951244729 0.20113798869265825 0.41091877002452293 0.20271241236248952
9 0.2648736749999898 0.27625964687496063 0.2646069428304827 0.2655894069143789 0.3125478619581372 0.2643909918562679 0.31281461463618143 0.2750612104478186
9 0.5956660593151355 0.330792299468716 0.5990650434391682 0.3377410045270433 0.5391393466135241 0.3670526658492436 0.5357403911824576 0.36010398526066095
9 0.6128449344303135 0.35715981339680974 0.6144877402356315 0.3638302140626304 0.5609537116386036 0.3770141159518794 0.5593109296875127 0.3703437359374989
9 0.5377375078124942 0.4039023921875065 0.5399594202528988 0.40073937815815924 0.5842422659776503 0.4318449393767662 0.5820203657340244 0.4350079424942945
9 0.6140434984375815 0.5003835265624889 0.6160390623116427 0.4999078619380373 0.6396098326566744 0.5987860954225326 0.6376142701985827 0.599261756029442
9 0.525352764062518 0.4158876281249958 0.5275199966681612 0.4109712016043298 0.57165493595096 0.4304254183081069 0.5694877213322798 0.43534182955979034
9 0.5694877750000842 0.4353417078124709 0.5708019016564094 0.4345300915298329 0.5832919806243808 0.45475216733800955 0.5819778549732746 0.455563782313634
9 0.5819778718749831 0.4555637718749847 0.5831281760407592 0.4549862932005186 0.5996129585548715 0.4878208358529909 0.5984626553974977 0.48839831300377434
9 0.5796858265625815 0.4794093671874953 0.5895081003833411 0.4778117696279674 0.6138777796421664 0.6276272643390497 0.6040555108396575 0.6292248415438971
9 0.5972641703125419 0.4961886953124879 0.5978550616268876 0.4960376707265302 0.6274183607594068 0.6116952543476427 0.6268274700075835 0.6118462774126214