0 0.5046875 0.328125 0.53125 0.328125 0.53125 0.3484375 0.5046875 0.3484375
0 0.4125 0.409375 0.4375 0.409375 0.4375 0.425 0.4125 0.425
0 0.4203125 0.4359375 0.45 0.4359375 0.45 0.44375 0.4203125 0.44375
0 0.4359375 0.453125 0.4546875 0.453125 0.4546875 0.4671875 0.4359375 0.4671875
0 0.5203125 0.4609375 0.5390625 0.4609375 0.5390625 0.4671875 0.5203125 0.4671875
0 0.540625 0.4828125 0.5546875 0.4828125 0.5546875 0.4890625 0.540625 0.4890625
0 0.4046875 0.5515625 0.4359375 0.5515625 0.4359375 0.56875 0.4046875 0.56875
0 0.428125 0.53125 0.45 0.53125 0.45 0.54375 0.428125 0.54375
0 0.45625 0.5125 0.471875 0.5125 0.471875 0.528125 0.45625 0.528125
0 0.4875 0.51875 0.5046875 0.51875 0.5046875 0.534375 0.4875 0.534375
0 0.5109375 0.5296875 0.528125 0.5296875 0.528125 0.5515625 0.5109375 0.5515625
0 0.3390625 0.5859375 0.3640625 0.5859375 0.3640625 0.6015625 0.3390625 0.6015625
0 0.3765625 0.6109375 0.40625 0.6109375 0.40625 0.6328125 0.3765625 0.6328125
0 0.3828125 0.578125 0.4078125 0.578125 0.4078125 0.5984375 0.3828125 0.5984375
0 0.33125 0.5671875 0.34375 0.5671875 0.34375 0.575 0.33125 0.575
0 0.3109375 0.68125 0.3359375 0.68125 0.3359375 0.69375 0.3109375 0.69375
0 0.49375 0.575 0.5125 0.575 0.5125 0.5875 0.49375 0.5875
0 0.5765625 0.5265625 0.59375 0.5265625 0.59375 0.5546875 0.5765625 0.5546875
0 0.3875 0.7296875 0.40625 0.7296875 0.40625 0.7421875 0.3875 0.7421875
0 0.425 0.609375 0.4421875 0.609375 0.4421875 0.625 0.425 0.625
0 0.4171875 0.6328125 0.4484375 0.6328125 0.4484375 0.653125 0.4171875 0.653125
0 0.43125 0.7421875 0.4484375 0.7421875 0.4484375 0.7546875 0.43125 0.7546875
0 0.3546875 0.784375 0.3734375 0.784375 0.3734375 0.8015625 0.3546875 0.8015625
0 0.4796875 0.70625 0.5015625 0.70625 0.5015625 0.71875 0.4796875 0.71875
0 0.425 0.69375 0.440625 0.69375 0.440625 0.7078125 0.425 0.7078125
0 0.428125 0.6734375 0.44375 0.6734375 0.44375 0.6859375 0.428125 0.6859375
0 0.3921875 0.6921875 0.403125 0.6921875 0.403125 0.7015625 0.3921875 0.7015625
0 0.578125 0.6109375 0.59375 0.6109375 0.59375 0.6265625 0.578125 0.6265625
0 0.5984375 0.5859375 0.6234375 0.5859375 0.6234375 0.6015625 0.5984375 0.6015625
0 0.5375 0.60625 0.55625 0.60625 0.55625 0.6234375 0.5375 0.6234375
0 0.375 0.4828125 0.403125 0.4828125 0.403125 0.50625 0.375 0.50625
0 0.453125 0.3640625 0.475 0.3640625 0.475 0.3890625 0.453125 0.3890625
0 0.5609375 0.7265625 0.58125 0.7265625 0.58125 0.74375 0.5609375 0.74375
0 0.603125 0.6265625 0.6359375 0.6265625 0.6359375 0.65625 0.603125 0.65625
0 0.5328125 0.5890625 0.5625 0.5890625 0.5625 0.6046875 0.5328125 0.6046875
0 0.4578125 0.61875 0.4828125 0.61875 0.4828125 0.6375 0.4578125 0.6375
4 0.5046875 0.65 0.5671875 0.65 0.5671875 0.6921875 0.5046875 0.6921875
4 0.5359375 0.759375 0.5765625 0.759375 0.5765625 0.7828125 0.5359375 0.7828125
4 0.4 0.5671875 0.434375 0.5671875 0.434375 0.5890625 0.4 0.5890625
4 0.453125 0.5890625 0.49375 0.5890625 0.49375 0.6140625 0.453125 0.6140625
4 0.465625 0.54375 0.49375 0.54375 0.49375 0.5640625 0.465625 0.5640625
4 0.5453125 0.55625 0.5890625 0.55625 0.5890625 0.578125 0.5453125 0.578125
4 0.4828125 0.603125 0.515625 0.603125 0.515625 0.6390625 0.4828125 0.6390625
4 0.378125 0.5125 0.4140625 0.5125 0.4140625 0.5328125 0.378125 0.5328125
4 0.4359375 0.484375 0.45625 0.484375 0.45625 0.5203125 0.4359375 0.5203125
4 0.3875 0.525 0.4375 0.525 0.4375 0.559375 0.3875 0.559375
9 0.6125 0.6625 0.653125 0.6625 0.653125 0.734375 0.6125 0.734375
5 0.5921875 0.4796875 0.6859375 0.4796875 0.6859375 0.5296875 0.5921875 0.5296875
0 0.521875 0.6203125 0.5765625 0.6203125 0.5765625 0.6421875 0.521875 0.6421875
0 0.4015625 0.4515625 0.428125 0.4515625 0.428125 0.4671875 0.4015625 0.4671875
9 0.6359375 0.775 0.671875 0.775 0.671875 0.8203125 0.6359375 0.8203125