0 0.4109375 0.21875 0.4609375 0.21875 0.4609375 0.2359375 0.4109375 0.2359375
0 0.3625 0.2890625 0.3828125 0.2890625 0.3828125 0.3 0.3625 0.3
0 0.2890625 0.2078125 0.303125 0.2078125 0.303125 0.2203125 0.2890625 0.2203125
0 0.353125 0.2265625 0.371875 0.2265625 0.371875 0.234375 0.353125 0.234375
0 0.4578125 0.259375 0.4796875 0.259375 0.4796875 0.2671875 0.4578125 0.2671875
0 0.5421875 0.2453125 0.5703125 0.2453125 0.5703125 0.2578125 0.5421875 0.2578125
0 0.49375 0.68125 0.5125 0.68125 0.5125 0.690625 0.49375 0.690625
0 0.4046875 0.190625 0.421875 0.190625 0.421875 0.203125 0.4046875 0.203125
0 0.5296875 0.19375 0.55625 0.19375 0.55625 0.2078125 0.5296875 0.2078125
0 0.475 0.21875 0.4953125 0.21875 0.4953125 0.2359375 0.475 0.2359375
0 0.478125 0.3140625 0.5015625 0.3140625 0.5015625 0.325 0.478125 0.325
0 0.6234375 0.2859375 0.65625 0.2859375 0.65625 0.3 0.6234375 0.3
0 0.25 0.44375 0.2671875 0.44375 0.2671875 0.4546875 0.25 0.4546875
0 0.384375 0.1734375 0.403125 0.1734375 0.403125 0.1875 0.384375 0.1875
0 0.290625 0.246875 0.303125 0.246875 0.303125 0.2578125 0.290625 0.2578125
0 0.24375 0.2578125 0.2625 0.2578125 0.2625 0.278125 0.24375 0.278125
0 0.4046875 0.371875 0.421875 0.371875 0.421875 0.3796875 0.4046875 0.3796875
0 0.5578125 0.265625 0.575 0.265625 0.575 0.2765625 0.5578125 0.2765625
0 0.321875 0.2296875 0.3484375 0.2296875 0.3484375 0.253125 0.321875 0.253125
0 0.465625 0.6890625 0.484375 0.6890625 0.484375 0.7 0.465625 0.7
4 0.55625 0.4765625 0.6375 0.4765625 0.6375 0.503125 0.55625 0.503125
4 0.290625 0.4640625 0.334375 0.4640625 0.334375 0.4828125 0.290625 0.4828125
4 0.2171875 0.5015625 0.2546875 0.5015625 0.2546875 0.540625 0.2171875 0.540625
4 0.5953125 0.5078125 0.64375 0.5078125 0.64375 0.5296875 0.5953125 0.5296875
4 0.2359375 0.5515625 0.26875 0.5515625 0.26875 0.5734375 0.2359375 0.5734375
1 0.490625 0.665625 0.509375 0.665625 0.509375 0.6734375 0.490625 0.6734375
1 0.4546875 0.671875 0.478125 0.671875 0.478125 0.684375 0.4546875 0.684375
1 0.659375 0.5734375 0.6703125 0.5734375 0.6703125 0.5828125 0.659375 0.5828125
4 0.659375 0.4640625 0.684375 0.4640625 0.684375 0.4796875 0.659375 0.4796875
4 0.2609375 0.509375 0.2953125 0.509375 0.2953125 0.5453125 0.2609375 0.5453125
0 0.4578125 0.196875 0.503125 0.196875 0.503125 0.2125 0.4578125 0.2125
0 0.340625 0.215625 0.3578125 0.215625 0.3578125 0.2234375 0.340625 0.2234375
0 0.4671875 0.275 0.5078125 0.275 0.5078125 0.29375 0.4671875 0.29375
0 0.5703125 0.2140625 0.603125 0.2140625 0.603125 0.24375 0.5703125 0.24375
0 0.5765625 0.240625 0.60625 0.240625 0.60625 0.2953125 0.5765625 0.2953125
0 0.3921875 0.2421875 0.428125 0.2421875 0.428125 0.2640625 0.3921875 0.2640625
0 0.309375 0.2671875 0.3359375 0.2671875 0.3359375 0.2796875 0.309375 0.2796875
0 0.50625 0.2171875 0.53125 0.2171875 0.53125 0.2296875 0.50625 0.2296875
0 0.2140625 0.2453125 0.2328125 0.2453125 0.2328125 0.2859375 0.2140625 0.2859375
0 0.1828125 0.425 0.19375 0.425 0.19375 0.434375 0.1828125 0.434375