9 0.3554692072806347 0.05275093658305563 0.3539589042292164 0.05705925152189104 0.3147452307034655 0.04331269020093848 0.3162555343750455 0.03900437656248992
9 0.35543065675835805 0.052891118096639836 0.35602084375830145 0.05074496736445389 0.43413175163846063 0.0722252614037734 0.43354156661018806 0.07437141040317805
9 0.49498783094679766 0.0772864066317871 0.494969313336469 0.0775710033947973 0.43381566032815044 0.0735919543819294 0.4338341781250392 0.07330735781247322
9 0.3612522568602117 0.008037052590144398 0.36131410246446194 0.010006402366236605 0.2722332749956422 0.012803899231538478 0.2721714296878872 0.010834549999983047
9 0.3612651171874859 0.00844656406253419 0.36470186327824194 -0.0070756025141612 0.5240696602129447 0.028209832057594853 0.5206329218108294 0.04373199298009745
9 0.5290621531250963 0.04535970625000346 0.5297664220435081 0.04251327866832531 0.5829019497954278 0.05566016192039529 0.5821976822857096 0.05850658826215748
9 0.4734249515624924 0.10112245781247443 0.47331461265241614 0.09793814279537194 0.5566910702486894 0.09504904010622309 0.5568014098265621 0.09823335123395327
9 0.5429053343749501 0.3589847312499986 0.5464877670673332 0.35012122664720974 0.6126137882632747 0.3768467154992904 0.6090313973120374 0.38571018473863244
9 0.2055660984375436 0.34309405937498705 0.2050253161347655 0.34252006869512086 0.24719280400915977 0.30279347596414113 0.24773358483582797 0.3033674649494564
9 0.5581543765624701 0.3345538843749838 0.5637505121349022 0.3273220938993662 0.6261276374755198 0.3755891817285925 0.620531535676264 0.3828209413195547
9 0.6028022156250472 0.2954220421875122 0.6027871741704303 0.29508276492026925 0.6353710789288698 0.2936382066849609 0.6353861208568787 0.2939774834591576