0 0.3953125 0.246875 0.4140625 0.246875 0.4140625 0.2609375 0.3953125 0.2609375
0 0.5109375 0.1875 0.53125 0.1875 0.53125 0.2015625 0.5109375 0.2015625
0 0.5390625 0.2046875 0.5578125 0.2046875 0.5578125 0.2265625 0.5390625 0.2265625
0 0.6 0.1734375 0.6296875 0.1734375 0.6296875 0.184375 0.6 0.184375
0 0.571875 0.19375 0.5953125 0.19375 0.5953125 0.2046875 0.571875 0.2046875
0 0.74375 0.246875 0.76875 0.246875 0.76875 0.2609375 0.74375 0.2609375
0 0.7375 0.278125 0.7578125 0.278125 0.7578125 0.2921875 0.7375 0.2921875
0 0.415625 0.1921875 0.4359375 0.1921875 0.4359375 0.2078125 0.415625 0.2078125
0 0.5609375 0.1609375 0.5765625 0.1609375 0.5765625 0.1765625 0.5609375 0.1765625
0 0.5234375 0.175 0.559375 0.175 0.559375 0.1875 0.5234375 0.1875
0 0.4671875 0.18125 0.490625 0.18125 0.490625 0.2 0.4671875 0.2
0 0.4375 0.225 0.4640625 0.225 0.4640625 0.2375 0.4375 0.2375
0 0.31875 0.3171875 0.340625 0.3171875 0.340625 0.3359375 0.31875 0.3359375
0 0.271875 0.375 0.290625 0.375 0.290625 0.3921875 0.271875 0.3921875
4 0.4015625 0.4484375 0.4375 0.4484375 0.4375 0.484375 0.4015625 0.484375
4 0.3625 0.4875 0.43125 0.4875 0.43125 0.5109375 0.3625 0.5109375
4 0.4015625 0.659375 0.4375 0.659375 0.4375 0.6828125 0.4015625 0.6828125
4 0.36875 0.5359375 0.4125 0.5359375 0.4125 0.5609375 0.36875 0.5609375
4 0.40625 0.615625 0.4265625 0.615625 0.4265625 0.6359375 0.40625 0.6359375
4 0.3140625 0.41875 0.353125 0.41875 0.353125 0.446875 0.3140625 0.446875
4 0.5546875 0.753125 0.575 0.753125 0.575 0.775 0.5546875 0.775
4 0.4578125 0.678125 0.4765625 0.678125 0.4765625 0.696875 0.4578125 0.696875
4 0.3453125 0.6171875 0.378125 0.6171875 0.378125 0.6328125 0.3453125 0.6328125
4 0.34375 0.4609375 0.384375 0.4609375 0.384375 0.4765625 0.34375 0.4765625