0 0.553125 0.30625 0.56875 0.30625 0.56875 0.325 0.553125 0.325
0 0.4328125 0.30625 0.4578125 0.30625 0.4578125 0.325 0.4328125 0.325
0 0.5078125 0.2625 0.53125 0.2625 0.53125 0.275 0.5078125 0.275
0 0.5328125 0.246875 0.55625 0.246875 0.55625 0.2609375 0.5328125 0.2609375
0 0.5734375 0.225 0.5875 0.225 0.5875 0.2375 0.5734375 0.2375
0 0.521875 0.3421875 0.5453125 0.3421875 0.5453125 0.3578125 0.521875 0.3578125
0 0.5609375 0.353125 0.578125 0.353125 0.578125 0.3671875 0.5609375 0.3671875
0 0.4296875 0.26875 0.4484375 0.26875 0.4484375 0.278125 0.4296875 0.278125
0 0.4953125 0.2796875 0.5078125 0.2796875 0.5078125 0.2890625 0.4953125 0.2890625
0 0.41875 0.321875 0.4328125 0.321875 0.4328125 0.3296875 0.41875 0.3296875
0 0.35625 0.525 0.371875 0.525 0.371875 0.5390625 0.35625 0.5390625
0 0.3140625 0.5140625 0.328125 0.5140625 0.328125 0.521875 0.3140625 0.521875
0 0.3640625 0.4921875 0.3765625 0.4921875 0.3765625 0.5015625 0.3640625 0.5015625
0 0.7 0.6140625 0.709375 0.6140625 0.709375 0.621875 0.7 0.621875
0 0.6921875 0.63125 0.7046875 0.63125 0.7046875 0.6421875 0.6921875 0.6421875
0 0.671875 0.646875 0.6828125 0.646875 0.6828125 0.65625 0.671875 0.65625
0 0.6515625 0.68125 0.659375 0.68125 0.659375 0.690625 0.6515625 0.690625
1 0.4984375 0.509375 0.5328125 0.509375 0.5328125 0.5375 0.4984375 0.5375
4 0.384375 0.515625 0.421875 0.515625 0.421875 0.553125 0.384375 0.553125
0 0.6 0.296875 0.6296875 0.296875 0.6296875 0.3234375 0.6 0.3234375
0 0.5234375 0.328125 0.54375 0.328125 0.54375 0.340625 0.5234375 0.340625
0 0.5015625 0.3625 0.5171875 0.3625 0.5171875 0.38125 0.5015625 0.38125
0 0.61875 0.2359375 0.6390625 0.2359375 0.6390625 0.25 0.61875 0.25
0 0.396875 0.2828125 0.428125 0.2828125 0.428125 0.3 0.396875 0.3
0 0.3125 0.578125 0.3375 0.578125 0.3375 0.590625 0.3125 0.590625
5 0.5828125 0.453125 0.73125 0.453125 0.73125 0.490625 0.5828125 0.490625
5 0.3203125 0.4484375 0.46875 0.4484375 0.46875 0.4859375 0.3203125 0.4859375