0 0.5875 0.2609375 0.6171875 0.2609375 0.6171875 0.2734375 0.5875 0.2734375
0 0.5671875 0.2671875 0.5890625 0.2671875 0.5890625 0.2828125 0.5671875 0.2828125
0 0.4921875 0.175 0.5390625 0.175 0.5390625 0.1890625 0.4921875 0.1890625
0 0.4453125 0.228125 0.4671875 0.228125 0.4671875 0.24375 0.4453125 0.24375
0 0.425 0.240625 0.453125 0.240625 0.453125 0.259375 0.425 0.259375
0 0.471875 0.2828125 0.5015625 0.2828125 0.5015625 0.2890625 0.471875 0.2890625
0 0.7125 0.2734375 0.7265625 0.2734375 0.7265625 0.290625 0.7125 0.290625
0 0.5984375 0.153125 0.6171875 0.153125 0.6171875 0.165625 0.5984375 0.165625
0 0.6765625 0.2875 0.6984375 0.2875 0.6984375 0.309375 0.6765625 0.309375
0 0.5328125 0.2234375 0.5625 0.2234375 0.5625 0.2421875 0.5328125 0.2421875
0 0.303125 0.53125 0.325 0.53125 0.325 0.54375 0.303125 0.54375
0 0.2390625 0.4640625 0.2640625 0.4640625 0.2640625 0.478125 0.2390625 0.478125
0 0.2140625 0.51875 0.2453125 0.51875 0.2453125 0.54375 0.2140625 0.54375
0 0.2421875 0.584375 0.29375 0.584375 0.29375 0.609375 0.2421875 0.609375
0 0.28125 0.64375 0.309375 0.64375 0.309375 0.6640625 0.28125 0.6640625
0 0.321875 0.6453125 0.3453125 0.6453125 0.3453125 0.6609375 0.321875 0.6609375
0 0.4 0.55 0.4203125 0.55 0.4203125 0.5640625 0.4 0.5640625
0 0.446875 0.5390625 0.475 0.5390625 0.475 0.5515625 0.446875 0.5515625
0 0.3765625 0.53125 0.3953125 0.53125 0.3953125 0.5421875 0.3765625 0.5421875
0 0.346875 0.540625 0.3734375 0.540625 0.3734375 0.5515625 0.346875 0.5515625
0 0.2359375 0.553125 0.265625 0.553125 0.265625 0.5671875 0.2359375 0.5671875
0 0.375 0.6265625 0.3984375 0.6265625 0.3984375 0.6421875 0.375 0.6421875
0 0.25625 0.3875 0.278125 0.3875 0.278125 0.3984375 0.25625 0.3984375
0 0.2515625 0.3078125 0.2703125 0.3078125 0.2703125 0.3203125 0.2515625 0.3203125
0 0.2140625 0.40625 0.2375 0.40625 0.2375 0.4203125 0.2140625 0.4203125
0 0.2078125 0.465625 0.228125 0.465625 0.228125 0.4859375 0.2078125 0.4859375
0 0.3296875 0.5875 0.346875 0.5875 0.346875 0.6 0.3296875 0.6
0 0.30625 0.6140625 0.328125 0.6140625 0.328125 0.6328125 0.30625 0.6328125
0 0.29375 0.5859375 0.3203125 0.5859375 0.3203125 0.6015625 0.29375 0.6015625
0 0.3375 0.703125 0.3625 0.703125 0.3625 0.71875 0.3375 0.71875
1 0.6453125 0.5171875 0.684375 0.5171875 0.684375 0.5453125 0.6453125 0.5453125
4 0.4453125 0.559375 0.5046875 0.559375 0.5046875 0.6015625 0.4453125 0.6015625
4 0.49375 0.50625 0.5296875 0.50625 0.5296875 0.5359375 0.49375 0.5359375