4 0.453125 0.4875 0.5859375 0.4875 0.5859375 0.571875 0.453125 0.571875
1 0.2640625 0.5046875 0.353125 0.5046875 0.353125 0.5515625 0.2640625 0.5515625
0 0.334375 0.259375 0.359375 0.259375 0.359375 0.28125 0.334375 0.28125
0 0.296875 0.290625 0.3390625 0.290625 0.3390625 0.3234375 0.296875 0.3234375
0 0.2296875 0.2703125 0.2546875 0.2703125 0.2546875 0.284375 0.2296875 0.284375
0 0.2609375 0.2234375 0.303125 0.2234375 0.303125 0.2453125 0.2609375 0.2453125
0 0.3859375 0.303125 0.4125 0.303125 0.4125 0.31875 0.3859375 0.31875
0 0.6140625 0.2703125 0.6421875 0.2703125 0.6421875 0.2984375 0.6140625 0.2984375
0 0.3546875 0.728125 0.390625 0.728125 0.390625 0.7546875 0.3546875 0.7546875
0 0.5546875 0.7296875 0.584375 0.7296875 0.584375 0.75 0.5546875 0.75
0 0.5234375 0.66875 0.5515625 0.66875 0.5515625 0.6875 0.5234375 0.6875
0 0.5953125 0.534375 0.6234375 0.534375 0.6234375 0.5515625 0.5953125 0.5515625
0 0.646875 0.5546875 0.6890625 0.5546875 0.6890625 0.58125 0.646875 0.58125
0 0.584375 0.5765625 0.609375 0.5765625 0.609375 0.59375 0.584375 0.59375
0 0.5875 0.6546875 0.609375 0.6546875 0.609375 0.665625 0.5875 0.665625
0 0.6125 0.6375 0.6265625 0.6375 0.6265625 0.6578125 0.6125 0.6578125
0 0.6328125 0.6125 0.6546875 0.6125 0.6546875 0.6296875 0.6328125 0.6296875
0 0.6453125 0.6359375 0.671875 0.6359375 0.671875 0.6546875 0.6453125 0.6546875
0 0.69375 0.609375 0.71875 0.609375 0.71875 0.6328125 0.69375 0.6328125
0 0.6859375 0.5875 0.7078125 0.5875 0.7078125 0.6015625 0.6859375 0.6015625
0 0.68125 0.6390625 0.7 0.6390625 0.7 0.6625 0.68125 0.6625
0 0.6015625 0.6796875 0.6265625 0.6796875 0.6265625 0.690625 0.6015625 0.690625
0 0.5734375 0.6765625 0.596875 0.6765625 0.596875 0.69375 0.5734375 0.69375
0 0.640625 0.6625 0.6625 0.6625 0.6625 0.6734375 0.640625 0.6734375
0 0.665625 0.615625 0.6859375 0.615625 0.6859375 0.6328125 0.665625 0.6328125
0 0.6 0.4828125 0.63125 0.4828125 0.63125 0.509375 0.6 0.509375
0 0.2671875 0.1625 0.290625 0.1625 0.290625 0.1875 0.2671875 0.1875
0 0.39375 0.15625 0.4078125 0.15625 0.4078125 0.1671875 0.39375 0.1671875
0 0.4375 0.2203125 0.4578125 0.2203125 0.4578125 0.2375 0.4375 0.2375
0 0.4296875 0.2421875 0.4546875 0.2421875 0.4546875 0.2578125 0.4296875 0.2578125
0 0.4828125 0.225 0.5171875 0.225 0.5171875 0.2421875 0.4828125 0.2421875
0 0.4984375 0.1625 0.5203125 0.1625 0.5203125 0.1796875 0.4984375 0.1796875
0 0.2953125 0.2078125 0.3171875 0.2078125 0.3171875 0.225 0.2953125 0.225
0 0.346875 0.1921875 0.3703125 0.1921875 0.3703125 0.2078125 0.346875 0.2078125
0 0.309375 0.175 0.3296875 0.175 0.3296875 0.190625 0.309375 0.190625
0 0.3234375 0.1484375 0.3515625 0.1484375 0.3515625 0.1625 0.3234375 0.1625
0 0.734375 0.44375 0.7609375 0.44375 0.7609375 0.4671875 0.734375 0.4671875
0 0.690625 0.475 0.7171875 0.475 0.7171875 0.4890625 0.690625 0.4890625
0 0.721875 0.53125 0.740625 0.53125 0.740625 0.559375 0.721875 0.559375
0 0.6828125 0.54375 0.703125 0.54375 0.703125 0.559375 0.6828125 0.559375