9 0.5391836507163816 0.2340129512684037 0.5394931846786903 0.24291456427866015 0.39171800091116893 0.2480526207482922 0.391408516844308 0.23915105633792
9 0.2710204078124434 0.29632653125002284 0.26748428147482173 0.27902330298315264 0.4605457119771472 0.23956916695658495 0.4640819375143792 0.2568722470151592
9 0.6495660418426041 0.24270507239239092 0.6511158171261968 0.25723982377513105 0.3276933107094919 0.2917221604497019 0.3261437451214988 0.2771876042687006
9 0.6382985622473143 0.2633119999093039 0.6399944919004383 0.2827741780844982 0.2838398838539433 0.31380580983324247 0.2821442824517817 0.29434393705521966
9 0.48040821109270837 0.3202719534948186 0.4793486705390251 0.3237837690490707 0.392220131920908 0.2974970524775705 0.39327968096631594 0.293985252097267
9 0.27705274071081476 0.46882233091058284 0.2782422017628505 0.47017822352824984 0.2713935413682975 0.4761858229791419 0.27020408125008544 0.4748299312500291
9 0.29591836778695324 0.4364625856666673 0.2968167000968833 0.43671522680733404 0.29480954632174416 0.4438517722650814 0.2939112140625184 0.44359913124999834
9 0.2893877562499938 0.4506462593749879 0.2882930934048318 0.44999051127070805 0.29094615394274115 0.44556193840276476 0.2920408161897967 0.4462176862758192
9 0.28859775906084906 0.4537546590413944 0.2898683110588536 0.45503237448843364 0.2811990456107196 0.46365248275234533 0.2799284947061551 0.46237476839613356
9 0.2815213359375548 0.4909090906249998 0.2828599133475791 0.4908450633978094 0.28372077827089015 0.5088412746549421 0.2823822008671186 0.5089053017943638
9 0.6624489796874968 0.44680272187503944 0.663778050625524 0.44501738047629835 0.6923916558334895 0.46631699530217696 0.691062589777971 0.4681023322719732
9 0.7322450197930266 0.5061223181022966 0.7288062914363991 0.5098597686101485 0.6889490930922193 0.4731908714456772 0.6923878093749636 0.4694534359375244
9 0.33935681406251206 0.5878509437500088 0.32646704514536395 0.5857453794327598 0.34014502514560263 0.5020205837366789 0.3530346167275411 0.5041261333068444
9 0.6404287906250374 0.4898417562499954 0.669071982697119 0.4830993652911547 0.703681034189799 0.6301133317491017 0.6750378714979206 0.6368556362494476