0 0.4546875 0.328125 0.4953125 0.328125 0.4953125 0.35625 0.4546875 0.35625
0 0.375 0.271875 0.409375 0.271875 0.409375 0.2953125 0.375 0.2953125
0 0.4296875 0.265625 0.475 0.265625 0.475 0.2859375 0.4296875 0.2859375
0 0.5703125 0.3 0.6078125 0.3 0.6078125 0.31875 0.5703125 0.31875
0 0.5234375 0.303125 0.5484375 0.303125 0.5484375 0.321875 0.5234375 0.321875
0 0.521875 0.3828125 0.55625 0.3828125 0.55625 0.4046875 0.521875 0.4046875
0 0.4828125 0.353125 0.5265625 0.353125 0.5265625 0.3703125 0.4828125 0.3703125
0 0.4765625 0.3859375 0.5046875 0.3859375 0.5046875 0.40625 0.4765625 0.40625
0 0.475 0.4140625 0.5 0.4140625 0.5 0.43125 0.475 0.43125
0 0.3875 0.365625 0.4078125 0.365625 0.4078125 0.3828125 0.3875 0.3828125
0 0.3828125 0.3046875 0.4046875 0.3046875 0.4046875 0.3203125 0.3828125 0.3203125
0 0.3328125 0.3140625 0.3515625 0.3140625 0.3515625 0.3265625 0.3328125 0.3265625
0 0.6890625 0.34375 0.709375 0.34375 0.709375 0.3546875 0.6890625 0.3546875
0 0.29375 0.56875 0.315625 0.56875 0.315625 0.5890625 0.29375 0.5890625