0 0.5390625 0.3671875 0.571875 0.3671875 0.571875 0.390625 0.5390625 0.390625
0 0.5796875 0.396875 0.60625 0.396875 0.60625 0.4140625 0.5796875 0.4140625
0 0.5046875 0.290625 0.5296875 0.290625 0.5296875 0.3078125 0.5046875 0.3078125
0 0.5078125 0.325 0.5390625 0.325 0.5390625 0.340625 0.5078125 0.340625
0 0.2328125 0.3015625 0.2640625 0.3015625 0.2640625 0.3203125 0.2328125 0.3203125
0 0.259375 0.3234375 0.284375 0.3234375 0.284375 0.3375 0.259375 0.3375
0 0.284375 0.3453125 0.3171875 0.3453125 0.3171875 0.3640625 0.284375 0.3640625
0 0.2546875 0.35625 0.275 0.35625 0.275 0.378125 0.2546875 0.378125
0 0.1796875 0.3421875 0.2109375 0.3421875 0.2109375 0.3625 0.1796875 0.3625
0 0.1875 0.290625 0.2109375 0.290625 0.2109375 0.309375 0.1875 0.309375
0 0.19375 0.2625 0.2140625 0.2625 0.2140625 0.275 0.19375 0.275
0 0.2328125 0.25 0.25625 0.25 0.25625 0.2671875 0.2328125 0.2671875
0 0.165625 0.303125 0.190625 0.303125 0.190625 0.321875 0.165625 0.321875
0 0.284375 0.2640625 0.30625 0.2640625 0.30625 0.2828125 0.284375 0.2828125
0 0.3421875 0.2640625 0.3671875 0.2640625 0.3671875 0.278125 0.3421875 0.278125