0 0.3125 0.525 0.3421875 0.525 0.3421875 0.546875 0.3125 0.546875
0 0.353125 0.5234375 0.36875 0.5234375 0.36875 0.5328125 0.353125 0.5328125
0 0.3828125 0.5125 0.4 0.5125 0.4 0.5265625 0.3828125 0.5265625
0 0.5703125 0.51875 0.59375 0.51875 0.59375 0.53125 0.5703125 0.53125
0 0.309375 0.45 0.321875 0.45 0.321875 0.4625 0.309375 0.4625
0 0.30625 0.55625 0.3265625 0.55625 0.3265625 0.578125 0.30625 0.578125
0 0.515625 0.625 0.5375 0.625 0.5375 0.634375 0.515625 0.634375
0 0.471875 0.6171875 0.4890625 0.6171875 0.4890625 0.625 0.471875 0.625
0 0.60625 0.5890625 0.6203125 0.5890625 0.6203125 0.6015625 0.60625 0.6015625
0 0.63125 0.56875 0.646875 0.56875 0.646875 0.58125 0.63125 0.58125
0 0.3546875 0.5828125 0.371875 0.5828125 0.371875 0.596875 0.3546875 0.596875
0 0.50625 0.2578125 0.5203125 0.2578125 0.5203125 0.2734375 0.50625 0.2734375
4 0.3359375 0.4296875 0.4328125 0.4296875 0.4328125 0.4734375 0.3359375 0.4734375
4 0.5921875 0.4296875 0.671875 0.4296875 0.671875 0.475 0.5921875 0.475
0 0.3515625 0.5046875 0.3671875 0.5046875 0.3671875 0.515625 0.3515625 0.515625
0 0.6125 0.5125 0.6375 0.5125 0.6375 0.53125 0.6125 0.53125
0 0.678125 0.49375 0.6984375 0.49375 0.6984375 0.5109375 0.678125 0.5109375
0 0.2859375 0.475 0.303125 0.475 0.303125 0.4859375 0.2859375 0.4859375
0 0.3625 0.4765625 0.3828125 0.4765625 0.3828125 0.490625 0.3625 0.490625