0 0.55 0.5203125 0.584375 0.5203125 0.584375 0.5515625 0.55 0.5515625
0 0.64375 0.5125 0.66875 0.5125 0.66875 0.5265625 0.64375 0.5265625
0 0.6078125 0.51875 0.6375 0.51875 0.6375 0.5375 0.6078125 0.5375
0 0.640625 0.4640625 0.6578125 0.4640625 0.6578125 0.478125 0.640625 0.478125
0 0.4875 0.3296875 0.5140625 0.3296875 0.5140625 0.34375 0.4875 0.34375
0 0.4453125 0.34375 0.4828125 0.34375 0.4828125 0.378125 0.4453125 0.378125
0 0.453125 0.4265625 0.484375 0.4265625 0.484375 0.446875 0.453125 0.446875
0 0.403125 0.4015625 0.4234375 0.4015625 0.4234375 0.4265625 0.403125 0.4265625
0 0.4984375 0.5484375 0.5328125 0.5484375 0.5328125 0.5625 0.4984375 0.5625
0 0.46875 0.5578125 0.490625 0.5578125 0.490625 0.571875 0.46875 0.571875
0 0.465625 0.5859375 0.484375 0.5859375 0.484375 0.5984375 0.465625 0.5984375
0 0.5265625 0.6 0.54375 0.6 0.54375 0.6109375 0.5265625 0.6109375
0 0.5140625 0.5828125 0.53125 0.5828125 0.53125 0.59375 0.5140625 0.59375
0 0.503125 0.565625 0.528125 0.565625 0.528125 0.578125 0.503125 0.578125
0 0.5421875 0.6390625 0.56875 0.6390625 0.56875 0.653125 0.5421875 0.653125
0 0.5609375 0.625 0.58125 0.625 0.58125 0.6375 0.5609375 0.6375
0 0.5734375 0.584375 0.5890625 0.584375 0.5890625 0.6109375 0.5734375 0.6109375
0 0.4359375 0.5390625 0.4671875 0.5390625 0.4671875 0.55 0.4359375 0.55
0 0.36875 0.440625 0.396875 0.440625 0.396875 0.45625 0.36875 0.45625
0 0.5921875 0.175 0.6140625 0.175 0.6140625 0.1921875 0.5921875 0.1921875
0 0.709375 0.1953125 0.734375 0.1953125 0.734375 0.215625 0.709375 0.215625
0 0.6921875 0.225 0.71875 0.225 0.71875 0.24375 0.6921875 0.24375
4 0.571875 0.4109375 0.6390625 0.4109375 0.6390625 0.45625 0.571875 0.45625
4 0.56875 0.478125 0.6375 0.478125 0.6375 0.5125 0.56875 0.5125