0 0.359375 0.253125 0.3953125 0.253125 0.3953125 0.26875 0.359375 0.26875
0 0.4453125 0.2640625 0.478125 0.2640625 0.478125 0.2796875 0.4453125 0.2796875
0 0.4546875 0.2890625 0.496875 0.2890625 0.496875 0.3109375 0.4546875 0.3109375
0 0.5265625 0.259375 0.55625 0.259375 0.55625 0.28125 0.5265625 0.28125
0 0.5640625 0.2515625 0.5875 0.2515625 0.5875 0.26875 0.5640625 0.26875
0 0.5828125 0.2765625 0.6140625 0.2765625 0.6140625 0.2984375 0.5828125 0.2984375
0 0.3390625 0.296875 0.3671875 0.296875 0.3671875 0.3140625 0.3390625 0.3140625
0 0.48125 0.35625 0.5125 0.35625 0.5125 0.371875 0.48125 0.371875
0 0.4234375 0.478125 0.4375 0.478125 0.4375 0.4921875 0.4234375 0.4921875
0 0.60625 0.4859375 0.6296875 0.4859375 0.6296875 0.5015625 0.60625 0.5015625
0 0.59375 0.5125 0.625 0.5125 0.625 0.525 0.59375 0.525
0 0.496875 0.709375 0.5234375 0.709375 0.5234375 0.721875 0.496875 0.721875
0 0.50625 0.675 0.5296875 0.675 0.5296875 0.6921875 0.50625 0.6921875
0 0.4328125 0.6828125 0.4703125 0.6828125 0.4703125 0.6984375 0.4328125 0.6984375
0 0.4046875 0.7 0.425 0.7 0.425 0.709375 0.4046875 0.709375
0 0.409375 0.7203125 0.43125 0.7203125 0.43125 0.73125 0.409375 0.73125
0 0.5046875 0.7296875 0.528125 0.7296875 0.528125 0.7375 0.5046875 0.7375
0 0.475 0.73125 0.496875 0.73125 0.496875 0.7421875 0.475 0.7421875
0 0.4640625 0.70625 0.484375 0.70625 0.484375 0.71875 0.4640625 0.71875
0 0.53125 0.70625 0.5515625 0.70625 0.5515625 0.7234375 0.53125 0.7234375
0 0.4484375 0.7359375 0.465625 0.7359375 0.465625 0.7421875 0.4484375 0.7421875
0 0.690625 0.50625 0.7171875 0.50625 0.7171875 0.51875 0.690625 0.51875
0 0.665625 0.4984375 0.68125 0.4984375 0.68125 0.5140625 0.665625 0.5140625
0 0.38125 0.2921875 0.4015625 0.2921875 0.4015625 0.3046875 0.38125 0.3046875
0 0.403125 0.2328125 0.4265625 0.2328125 0.4265625 0.2484375 0.403125 0.2484375
0 0.5046875 0.2984375 0.525 0.2984375 0.525 0.315625 0.5046875 0.315625
0 0.5421875 0.29375 0.5640625 0.29375 0.5640625 0.315625 0.5421875 0.315625
0 0.5578125 0.2203125 0.584375 0.2203125 0.584375 0.2359375 0.5578125 0.2359375
0 0.46875 0.2390625 0.4921875 0.2390625 0.4921875 0.253125 0.46875 0.253125