0 0.3203125 0.2203125 0.359375 0.2203125 0.359375 0.2421875 0.3203125 0.2421875
0 0.3625 0.2078125 0.4015625 0.2078125 0.4015625 0.23125 0.3625 0.23125
0 0.30625 0.1984375 0.3328125 0.1984375 0.3328125 0.2171875 0.30625 0.2171875
0 0.271875 0.24375 0.303125 0.24375 0.303125 0.259375 0.271875 0.259375
0 0.25 0.246875 0.2734375 0.246875 0.2734375 0.26875 0.25 0.26875
0 0.26875 0.31875 0.2875 0.31875 0.2875 0.3328125 0.26875 0.3328125
0 0.2578125 0.215625 0.28125 0.215625 0.28125 0.2359375 0.2578125 0.2359375
0 0.3015625 0.184375 0.3203125 0.184375 0.3203125 0.1953125 0.3015625 0.1953125
0 0.35 0.178125 0.3734375 0.178125 0.3734375 0.1953125 0.35 0.1953125
0 0.4046875 0.1765625 0.41875 0.1765625 0.41875 0.190625 0.4046875 0.190625
0 0.4375 0.2109375 0.4640625 0.2109375 0.4640625 0.2234375 0.4375 0.2234375
0 0.546875 0.459375 0.5640625 0.459375 0.5640625 0.4734375 0.546875 0.4734375
0 0.484375 0.434375 0.503125 0.434375 0.503125 0.446875 0.484375 0.446875
0 0.44375 0.4375 0.459375 0.4375 0.459375 0.446875 0.44375 0.446875
0 0.41875 0.45 0.4375 0.45 0.4375 0.4640625 0.41875 0.4640625
0 0.409375 0.46875 0.43125 0.46875 0.43125 0.478125 0.409375 0.478125
0 0.340625 0.7046875 0.3609375 0.7046875 0.3609375 0.7171875 0.340625 0.7171875
0 0.303125 0.7078125 0.3328125 0.7078125 0.3328125 0.721875 0.303125 0.721875
0 0.3125 0.66875 0.3296875 0.66875 0.3296875 0.6859375 0.3125 0.6859375
0 0.41875 0.60625 0.440625 0.60625 0.440625 0.6171875 0.41875 0.6171875
0 0.4328125 0.6390625 0.44375 0.6390625 0.44375 0.6546875 0.4328125 0.6546875
0 0.421875 0.6953125 0.44375 0.6953125 0.44375 0.709375 0.421875 0.709375
0 0.4796875 0.5546875 0.490625 0.5546875 0.490625 0.5640625 0.4796875 0.5640625
0 0.484375 0.56875 0.50625 0.56875 0.50625 0.58125 0.484375 0.58125
0 0.6109375 0.5265625 0.6234375 0.5265625 0.6234375 0.534375 0.6109375 0.534375
0 0.625 0.453125 0.6515625 0.453125 0.6515625 0.484375 0.625 0.484375
0 0.2671875 0.4046875 0.284375 0.4046875 0.284375 0.41875 0.2671875 0.41875
0 0.25 0.2953125 0.2703125 0.2953125 0.2703125 0.30625 0.25 0.30625