0 0.5046875 0.2953125 0.53125 0.2953125 0.53125 0.3125 0.5046875 0.3125
0 0.46875 0.265625 0.4921875 0.265625 0.4921875 0.278125 0.46875 0.278125
0 0.6109375 0.2765625 0.6359375 0.2765625 0.6359375 0.2921875 0.6109375 0.2921875
0 0.6140625 0.309375 0.6375 0.309375 0.6375 0.321875 0.6140625 0.321875
0 0.6703125 0.284375 0.6875 0.284375 0.6875 0.296875 0.6703125 0.296875
0 0.65 0.265625 0.671875 0.265625 0.671875 0.278125 0.65 0.278125
0 0.621875 0.378125 0.6453125 0.378125 0.6453125 0.3921875 0.621875 0.3921875
0 0.5625 0.2796875 0.590625 0.2796875 0.590625 0.2921875 0.5625 0.2921875
0 0.3453125 0.496875 0.3546875 0.496875 0.3546875 0.50625 0.3453125 0.50625
0 0.3859375 0.4890625 0.4046875 0.4890625 0.4046875 0.5 0.3859375 0.5
0 0.3015625 0.5109375 0.31875 0.5109375 0.31875 0.5234375 0.3015625 0.5234375
0 0.384375 0.628125 0.4078125 0.628125 0.4078125 0.646875 0.384375 0.646875
0 0.3609375 0.5984375 0.375 0.5984375 0.375 0.6109375 0.3609375 0.6109375
0 0.41875 0.5984375 0.4359375 0.5984375 0.4359375 0.6140625 0.41875 0.6140625
0 0.3890625 0.59375 0.403125 0.59375 0.403125 0.60625 0.3890625 0.60625
0 0.459375 0.6 0.478125 0.6 0.478125 0.615625 0.459375 0.615625
0 0.4296875 0.6578125 0.440625 0.6578125 0.440625 0.66875 0.4296875 0.66875
0 0.60625 0.70625 0.64375 0.70625 0.64375 0.7171875 0.60625 0.7171875
0 0.6078125 0.7265625 0.634375 0.7265625 0.634375 0.7375 0.6078125 0.7375
0 0.3546875 0.3671875 0.375 0.3671875 0.375 0.384375 0.3546875 0.384375
0 0.6265625 0.2984375 0.6484375 0.2984375 0.6484375 0.3078125 0.6265625 0.3078125
0 0.453125 0.7140625 0.475 0.7140625 0.475 0.73125 0.453125 0.73125
0 0.54375 0.734375 0.5859375 0.734375 0.5859375 0.7625 0.54375 0.7625
0 0.290625 0.578125 0.315625 0.578125 0.315625 0.5953125 0.290625 0.5953125
0 0.41875 0.5640625 0.4359375 0.5640625 0.4359375 0.5796875 0.41875 0.5796875
0 0.3359375 0.478125 0.35625 0.478125 0.35625 0.4859375 0.3359375 0.4859375
0 0.39375 0.44375 0.4046875 0.44375 0.4046875 0.45625 0.39375 0.45625
0 0.6578125 0.7296875 0.6703125 0.7296875 0.6703125 0.7453125 0.6578125 0.7453125