8 0.8078125 0.4203125 0.840625 0.4203125 0.840625 0.4671875 0.8078125 0.4671875
0 0.2578125 0.4234375 0.303125 0.4234375 0.303125 0.4828125 0.2578125 0.4828125
0 0.3703125 0.503125 0.428125 0.503125 0.428125 0.5828125 0.3703125 0.5828125
8 0.134375 0.5359375 0.1859375 0.5359375 0.1859375 0.5734375 0.134375 0.5734375
8 0.459375 0.553125 0.5234375 0.553125 0.5234375 0.6171875 0.459375 0.6171875
0 0.2890625 0.5734375 0.3828125 0.5734375 0.3828125 0.659375 0.2890625 0.659375
0 0.1859375 0.6109375 0.2234375 0.6109375 0.2234375 0.68125 0.1859375 0.68125
8 0.4453125 0.6234375 0.49375 0.6234375 0.49375 0.6703125 0.4453125 0.6703125
0 0.7640625 0.6359375 0.8296875 0.6359375 0.8296875 0.746875 0.7640625 0.746875
0 0.240625 0.6765625 0.3125 0.6765625 0.3125 0.75 0.240625 0.75
0 0.1515625 0.709375 0.209375 0.709375 0.209375 0.7734375 0.1515625 0.7734375
1 0.6703125 0.753125 0.740625 0.753125 0.740625 0.8234375 0.6703125 0.8234375
0 0.3515625 0.8203125 0.4234375 0.8203125 0.4234375 0.8828125 0.3515625 0.8828125
0 0.2578125 0.846875 0.3171875 0.846875 0.3171875 0.9296875 0.2578125 0.9296875
0 0.6875 0.846875 0.7546875 0.846875 0.7546875 0.9328125 0.6875 0.9328125
0 0.3890625 0.1296875 0.45 0.1296875 0.45 0.2171875 0.3890625 0.2171875
0 0.4328125 0.1375 0.496875 0.1375 0.496875 0.234375 0.4328125 0.234375
1 0.6921875 0.184375 0.759375 0.184375 0.759375 0.2640625 0.6921875 0.2640625