0 0.75 0.4921875 0.7734375 0.4921875 0.7734375 0.509375 0.75 0.509375
4 0.553125 0.4546875 0.6078125 0.4546875 0.6078125 0.5046875 0.553125 0.5046875
0 0.45625 0.4484375 0.475 0.4484375 0.475 0.4625 0.45625 0.4625
0 0.49375 0.4546875 0.5125 0.4546875 0.5125 0.4671875 0.49375 0.4671875
0 0.48125 0.471875 0.496875 0.471875 0.496875 0.48125 0.48125 0.48125
0 0.5609375 0.2765625 0.58125 0.2765625 0.58125 0.290625 0.5609375 0.290625
0 0.4671875 0.265625 0.4859375 0.265625 0.4859375 0.2796875 0.4671875 0.2796875
0 0.621875 0.2484375 0.64375 0.2484375 0.64375 0.2640625 0.621875 0.2640625
0 0.578125 0.25 0.609375 0.25 0.609375 0.26875 0.578125 0.26875
0 0.4484375 0.3390625 0.471875 0.3390625 0.471875 0.35625 0.4484375 0.35625
0 0.44375 0.3125 0.4640625 0.3125 0.4640625 0.33125 0.44375 0.33125
0 0.4890625 0.30625 0.509375 0.30625 0.509375 0.3203125 0.4890625 0.3203125
0 0.5265625 0.284375 0.55 0.284375 0.55 0.303125 0.5265625 0.303125
5 0.4890625 0.396875 0.6328125 0.396875 0.6328125 0.4390625 0.4890625 0.4390625
1 0.66875 0.4515625 0.734375 0.4515625 0.734375 0.48125 0.66875 0.48125