0 0.515625 0.3234375 0.546875 0.3234375 0.546875 0.3484375 0.515625 0.3484375
0 0.55 0.2328125 0.5703125 0.2328125 0.5703125 0.246875 0.55 0.246875
0 0.5453125 0.2578125 0.5671875 0.2578125 0.5671875 0.2703125 0.5453125 0.2703125
0 0.6109375 0.3625 0.6265625 0.3625 0.6265625 0.3765625 0.6109375 0.3765625
0 0.65625 0.3578125 0.678125 0.3578125 0.678125 0.3671875 0.65625 0.3671875
0 0.6921875 0.35 0.709375 0.35 0.709375 0.3609375 0.6921875 0.3609375
0 0.775 0.3234375 0.7984375 0.3234375 0.7984375 0.3359375 0.775 0.3359375
0 0.721875 0.26875 0.7390625 0.26875 0.7390625 0.28125 0.721875 0.28125
0 0.3703125 0.5109375 0.3875 0.5109375 0.3875 0.5203125 0.3703125 0.5203125
4 0.4921875 0.5140625 0.5640625 0.5140625 0.5640625 0.5734375 0.4921875 0.5734375
4 0.4078125 0.515625 0.440625 0.515625 0.440625 0.5453125 0.4078125 0.5453125
0 0.43125 0.590625 0.4671875 0.590625 0.4671875 0.6171875 0.43125 0.6171875
0 0.3984375 0.565625 0.415625 0.565625 0.415625 0.5828125 0.3984375 0.5828125
4 0.671875 0.5171875 0.7234375 0.5171875 0.7234375 0.55 0.671875 0.55