0 0.3890625 0.36875 0.43125 0.36875 0.43125 0.390625 0.3890625 0.390625
0 0.3953125 0.334375 0.4140625 0.334375 0.4140625 0.3453125 0.3953125 0.3453125
0 0.51875 0.3421875 0.546875 0.3421875 0.546875 0.35625 0.51875 0.35625
0 0.5296875 0.3609375 0.5546875 0.3609375 0.5546875 0.3765625 0.5296875 0.3765625
0 0.50625 0.428125 0.5359375 0.428125 0.5359375 0.446875 0.50625 0.446875
0 0.4390625 0.4296875 0.4609375 0.4296875 0.4609375 0.44375 0.4390625 0.44375
0 0.446875 0.4015625 0.475 0.4015625 0.475 0.4203125 0.446875 0.4203125
0 0.525 0.315625 0.54375 0.315625 0.54375 0.3296875 0.525 0.3296875
0 0.4375 0.2890625 0.48125 0.2890625 0.48125 0.3046875 0.4375 0.3046875
0 0.3984375 0.2875 0.4234375 0.2875 0.4234375 0.2984375 0.3984375 0.2984375
0 0.403125 0.3078125 0.4234375 0.3078125 0.4234375 0.31875 0.403125 0.31875
0 0.49375 0.284375 0.5171875 0.284375 0.5171875 0.2953125 0.49375 0.2953125
0 0.565625 0.3078125 0.5953125 0.3078125 0.5953125 0.321875 0.565625 0.321875
0 0.5296875 0.50625 0.55 0.50625 0.55 0.51875 0.5296875 0.51875
0 0.403125 0.5140625 0.4234375 0.5140625 0.4234375 0.5296875 0.403125 0.5296875
0 0.3421875 0.5390625 0.365625 0.5390625 0.365625 0.55 0.3421875 0.55
0 0.5796875 0.5375 0.603125 0.5375 0.603125 0.553125 0.5796875 0.553125
0 0.609375 0.58125 0.621875 0.58125 0.621875 0.5890625 0.609375 0.5890625
0 0.3796875 0.5703125 0.39375 0.5703125 0.39375 0.58125 0.3796875 0.58125
0 0.3984375 0.575 0.4078125 0.575 0.4078125 0.5875 0.3984375 0.5875
0 0.5765625 0.5609375 0.59375 0.5609375 0.59375 0.575 0.5765625 0.575
0 0.5453125 0.5234375 0.55625 0.5234375 0.55625 0.5328125 0.5453125 0.5328125
0 0.5078125 0.4890625 0.5171875 0.4890625 0.5171875 0.4984375 0.5078125 0.4984375
0 0.371875 0.39375 0.3890625 0.39375 0.3890625 0.4046875 0.371875 0.4046875
0 0.4109375 0.39375 0.4296875 0.39375 0.4296875 0.403125 0.4109375 0.403125