0 0.4296875 0.0953125 0.45625 0.0953125 0.45625 0.115625 0.4296875 0.115625
0 0.403125 0.1484375 0.4328125 0.1484375 0.4328125 0.1640625 0.403125 0.1640625
0 0.365625 0.090625 0.396875 0.090625 0.396875 0.1125 0.365625 0.1125
0 0.44375 0.05625 0.4640625 0.05625 0.4640625 0.0671875 0.44375 0.0671875
0 0.515625 0.0921875 0.540625 0.0921875 0.540625 0.1125 0.515625 0.1125
0 0.540625 0.0828125 0.5625 0.0828125 0.5625 0.1 0.540625 0.1
0 0.290625 0.4171875 0.321875 0.4171875 0.321875 0.4375 0.290625 0.4375
0 0.571875 0.7234375 0.6171875 0.7234375 0.6171875 0.74375 0.571875 0.74375
0 0.3390625 0.7 0.3953125 0.7 0.3953125 0.7484375 0.3390625 0.7484375
0 0.2578125 0.6515625 0.2953125 0.6515625 0.2953125 0.6984375 0.2578125 0.6984375
0 0.321875 0.728125 0.3453125 0.728125 0.3453125 0.7484375 0.321875 0.7484375
0 0.209375 0.4921875 0.2390625 0.4921875 0.2390625 0.5109375 0.209375 0.5109375
0 0.190625 0.459375 0.20625 0.459375 0.20625 0.4734375 0.190625 0.4734375
0 0.2203125 0.4453125 0.2515625 0.4453125 0.2515625 0.46875 0.2203125 0.46875
0 0.728125 0.4609375 0.7625 0.4609375 0.7625 0.4859375 0.728125 0.4859375
0 0.653125 0.5125 0.6859375 0.5125 0.6859375 0.5359375 0.653125 0.5359375
0 0.63125 0.69375 0.6578125 0.69375 0.6578125 0.7171875 0.63125 0.7171875
0 0.2890625 0.4953125 0.3078125 0.4953125 0.3078125 0.509375 0.2890625 0.509375
0 0.265625 0.4359375 0.2921875 0.4359375 0.2921875 0.453125 0.265625 0.453125
0 0.23125 0.5 0.253125 0.5 0.253125 0.5171875 0.23125 0.5171875
0 0.6765625 0.471875 0.6984375 0.471875 0.6984375 0.490625 0.6765625 0.490625
0 0.7046875 0.503125 0.7296875 0.503125 0.7296875 0.5296875 0.7046875 0.5296875
0 0.7390625 0.4875 0.7546875 0.4875 0.7546875 0.5125 0.7390625 0.5125
0 0.659375 0.64375 0.6765625 0.64375 0.6765625 0.6609375 0.659375 0.6609375