0 0.3671875 0.640625 0.4296875 0.640625 0.4296875 0.6609375 0.3671875 0.6609375
0 0.446875 0.6453125 0.4734375 0.6453125 0.4734375 0.6625 0.446875 0.6625
0 0.496875 0.6171875 0.528125 0.6171875 0.528125 0.64375 0.496875 0.64375
0 0.50625 0.590625 0.534375 0.590625 0.534375 0.6203125 0.50625 0.6203125
0 0.5796875 0.540625 0.6078125 0.540625 0.6078125 0.5625 0.5796875 0.5625
0 0.56875 0.5078125 0.5953125 0.5078125 0.5953125 0.5296875 0.56875 0.5296875
0 0.63125 0.49375 0.665625 0.49375 0.665625 0.5171875 0.63125 0.5171875
0 0.615625 0.3515625 0.64375 0.3515625 0.64375 0.3734375 0.615625 0.3734375
0 0.596875 0.246875 0.621875 0.246875 0.621875 0.271875 0.596875 0.271875
0 0.578125 0.378125 0.6109375 0.378125 0.6109375 0.396875 0.578125 0.396875
0 0.51875 0.434375 0.5453125 0.434375 0.5453125 0.4484375 0.51875 0.4484375
0 0.4234375 0.4609375 0.4515625 0.4609375 0.4515625 0.48125 0.4234375 0.48125
0 0.4359375 0.425 0.4640625 0.425 0.4640625 0.4453125 0.4359375 0.4453125
0 0.478125 0.5015625 0.515625 0.5015625 0.515625 0.525 0.478125 0.525
0 0.5328125 0.48125 0.5484375 0.48125 0.5484375 0.496875 0.5328125 0.496875
0 0.5484375 0.440625 0.590625 0.440625 0.590625 0.471875 0.5484375 0.471875
0 0.478125 0.4546875 0.5046875 0.4546875 0.5046875 0.4765625 0.478125 0.4765625
0 0.5703125 0.4 0.6015625 0.4 0.6015625 0.425 0.5703125 0.425
0 0.5015625 0.40625 0.5359375 0.40625 0.5359375 0.43125 0.5015625 0.43125
0 0.6328125 0.396875 0.665625 0.396875 0.665625 0.4171875 0.6328125 0.4171875
0 0.64375 0.440625 0.684375 0.440625 0.684375 0.4640625 0.64375 0.4640625
0 0.5921875 0.4296875 0.64375 0.4296875 0.64375 0.45625 0.5921875 0.45625
0 0.5703125 0.459375 0.6390625 0.459375 0.6390625 0.49375 0.5703125 0.49375
0 0.5390625 0.56875 0.5734375 0.56875 0.5734375 0.5875 0.5390625 0.5875
0 0.3328125 0.684375 0.3671875 0.684375 0.3671875 0.7 0.3328125 0.7
0 0.4640625 0.61875 0.49375 0.61875 0.49375 0.6359375 0.4640625 0.6359375
0 0.5421875 0.5984375 0.5609375 0.5984375 0.5609375 0.61875 0.5421875 0.61875
0 0.6328125 0.3734375 0.6703125 0.3734375 0.6703125 0.3875 0.6328125 0.3875
0 0.4546875 0.4 0.484375 0.4 0.484375 0.4171875 0.4546875 0.4171875