0 0.5703125 0.1109375 0.6046875 0.1109375 0.6046875 0.134375 0.5703125 0.134375
0 0.6265625 0.1734375 0.65625 0.1734375 0.65625 0.2 0.6265625 0.2
0 0.2890625 0.3 0.315625 0.3 0.315625 0.3203125 0.2890625 0.3203125
0 0.259375 0.3171875 0.28125 0.3171875 0.28125 0.3265625 0.259375 0.3265625
0 0.259375 0.3359375 0.290625 0.3359375 0.290625 0.35 0.259375 0.35
0 0.4921875 0.3921875 0.5234375 0.3921875 0.5234375 0.4140625 0.4921875 0.4140625
0 0.465625 0.4109375 0.4890625 0.4109375 0.4890625 0.4234375 0.465625 0.4234375
0 0.5390625 0.6421875 0.603125 0.6421875 0.603125 0.6875 0.5390625 0.6875
0 0.503125 0.665625 0.5484375 0.665625 0.5484375 0.690625 0.503125 0.690625
0 0.4546875 0.653125 0.515625 0.653125 0.515625 0.696875 0.4546875 0.696875
0 0.4078125 0.6109375 0.478125 0.6109375 0.478125 0.6625 0.4078125 0.6625
0 0.3609375 0.58125 0.390625 0.58125 0.390625 0.5984375 0.3609375 0.5984375
0 0.3734375 0.609375 0.4140625 0.609375 0.4140625 0.6484375 0.3734375 0.6484375
0 0.278125 0.471875 0.3234375 0.471875 0.3234375 0.496875 0.278125 0.496875
0 0.25 0.50625 0.290625 0.50625 0.290625 0.525 0.25 0.525
0 0.3953125 0.55 0.425 0.55 0.425 0.571875 0.3953125 0.571875
0 0.3578125 0.553125 0.3890625 0.553125 0.3890625 0.571875 0.3578125 0.571875
0 0.4015625 0.5171875 0.4421875 0.5171875 0.4421875 0.5421875 0.4015625 0.5421875
0 0.375 0.521875 0.40625 0.521875 0.40625 0.5421875 0.375 0.5421875
0 0.35 0.471875 0.3859375 0.471875 0.3859375 0.496875 0.35 0.496875
0 0.428125 0.465625 0.4546875 0.465625 0.4546875 0.48125 0.428125 0.48125
0 0.3171875 0.3953125 0.340625 0.3953125 0.340625 0.4171875 0.3171875 0.4171875
0 0.334375 0.425 0.3640625 0.425 0.3640625 0.446875 0.334375 0.446875
0 0.3578125 0.41875 0.3984375 0.41875 0.3984375 0.4390625 0.3578125 0.4390625
0 0.396875 0.4515625 0.4265625 0.4515625 0.4265625 0.4703125 0.396875 0.4703125
0 0.259375 0.40625 0.2859375 0.40625 0.2859375 0.425 0.259375 0.425
0 0.25625 0.44375 0.3078125 0.44375 0.3078125 0.46875 0.25625 0.46875
0 0.534375 0.6828125 0.5734375 0.6828125 0.5734375 0.709375 0.534375 0.709375
0 0.5734375 0.68125 0.615625 0.68125 0.615625 0.7203125 0.5734375 0.7203125
0 0.275 0.2609375 0.30625 0.2609375 0.30625 0.284375 0.275 0.284375