5 0.515625 0.3765625 0.6796875 0.3765625 0.6796875 0.4234375 0.515625 0.4234375
0 0.6015625 0.471875 0.628125 0.471875 0.628125 0.4921875 0.6015625 0.4921875
0 0.7109375 0.484375 0.7453125 0.484375 0.7453125 0.5015625 0.7109375 0.5015625
0 0.6078125 0.5046875 0.640625 0.5046875 0.640625 0.51875 0.6078125 0.51875
0 0.5640625 0.45625 0.58125 0.45625 0.58125 0.471875 0.5640625 0.471875
0 0.5296875 0.6296875 0.546875 0.6296875 0.546875 0.6390625 0.5296875 0.6390625
0 0.6859375 0.265625 0.7046875 0.265625 0.7046875 0.278125 0.6859375 0.278125
0 0.5984375 0.275 0.6203125 0.275 0.6203125 0.2875 0.5984375 0.2875
0 0.7015625 0.2921875 0.7296875 0.2921875 0.7296875 0.3109375 0.7015625 0.3109375
0 0.603125 0.440625 0.628125 0.440625 0.628125 0.453125 0.603125 0.453125
0 0.6828125 0.3890625 0.7234375 0.3890625 0.7234375 0.4234375 0.6828125 0.4234375
0 0.5296875 0.4859375 0.5484375 0.4859375 0.5484375 0.5046875 0.5296875 0.5046875
0 0.5640625 0.4765625 0.59375 0.4765625 0.59375 0.49375 0.5640625 0.49375
0 0.5578125 0.425 0.590625 0.425 0.590625 0.45 0.5578125 0.45
0 0.7203125 0.459375 0.7484375 0.459375 0.7484375 0.478125 0.7203125 0.478125