5 0.45 0.4625 0.58125 0.4625 0.58125 0.509375 0.45 0.509375
0 0.4046875 0.5734375 0.425 0.5734375 0.425 0.590625 0.4046875 0.590625
0 0.4296875 0.534375 0.446875 0.534375 0.446875 0.5453125 0.4296875 0.5453125
0 0.446875 0.5234375 0.46875 0.5234375 0.46875 0.5421875 0.446875 0.5421875
0 0.4765625 0.5140625 0.50625 0.5140625 0.50625 0.5296875 0.4765625 0.5296875
0 0.3796875 0.515625 0.3921875 0.515625 0.3921875 0.525 0.3796875 0.525
0 0.3609375 0.471875 0.3796875 0.471875 0.3796875 0.4859375 0.3609375 0.4859375
0 0.4015625 0.503125 0.41875 0.503125 0.41875 0.515625 0.4015625 0.515625
0 0.3953125 0.5203125 0.4140625 0.5203125 0.4140625 0.534375 0.3953125 0.534375
0 0.434375 0.5828125 0.453125 0.5828125 0.453125 0.596875 0.434375 0.596875
4 0.446875 0.53125 0.51875 0.53125 0.51875 0.5734375 0.446875 0.5734375