0 0.678125 0.021875 0.709375 0.021875 0.709375 0.04375 0.678125 0.04375
0 0.7421875 0.071875 0.78125 0.071875 0.78125 0.103125 0.7421875 0.103125
0 0.6796875 0.0640625 0.7046875 0.0640625 0.7046875 0.084375 0.6796875 0.084375
0 0.6875 0.1015625 0.7125 0.1015625 0.7125 0.1203125 0.6875 0.1203125
0 0.384375 0.04375 0.43125 0.04375 0.43125 0.078125 0.384375 0.078125
0 0.3765625 0.096875 0.40625 0.096875 0.40625 0.11875 0.3765625 0.11875
0 0.253125 0.084375 0.2828125 0.084375 0.2828125 0.1046875 0.253125 0.1046875
0 0.078125 0.4859375 0.1203125 0.4859375 0.1203125 0.5125 0.078125 0.5125
0 0.28125 0.484375 0.3234375 0.484375 0.3234375 0.515625 0.28125 0.515625
0 0.28125 0.584375 0.3078125 0.584375 0.3078125 0.60625 0.28125 0.60625
0 0.1421875 0.60625 0.1734375 0.60625 0.1734375 0.6234375 0.1421875 0.6234375
0 0.21875 0.640625 0.2453125 0.640625 0.2453125 0.6609375 0.21875 0.6609375
0 0.2640625 0.715625 0.290625 0.715625 0.290625 0.7375 0.2640625 0.7375
0 0.703125 0.6296875 0.7375 0.6296875 0.7375 0.659375 0.703125 0.659375
0 0.671875 0.478125 0.7046875 0.478125 0.7046875 0.50625 0.671875 0.50625
0 0.6578125 0.4421875 0.678125 0.4421875 0.678125 0.459375 0.6578125 0.459375
0 0.78125 0.546875 0.8140625 0.546875 0.8140625 0.5671875 0.78125 0.5671875
0 0.765625 0.728125 0.7921875 0.728125 0.7921875 0.7484375 0.765625 0.7484375
0 0.7796875 0.7078125 0.815625 0.7078125 0.815625 0.7328125 0.7796875 0.7328125
0 0.7265625 0.6625 0.7546875 0.6625 0.7546875 0.6921875 0.7265625 0.6921875
0 0.5296875 0.9578125 0.5671875 0.9578125 0.5671875 0.98125 0.5296875 0.98125
4 0.675 0.5203125 0.7609375 0.5203125 0.7609375 0.60625 0.675 0.60625