4 0.453125 0.4921875 0.615625 0.4921875 0.615625 0.6625 0.453125 0.6625
0 0.871875 0.0859375 0.909375 0.0859375 0.909375 0.1140625 0.871875 0.1140625
0 0.75 0.0265625 0.7796875 0.0265625 0.7796875 0.0515625 0.75 0.0515625
0 0.8703125 0.05 0.9109375 0.05 0.9109375 0.0734375 0.8703125 0.0734375
0 0.6875 0.009375 0.7109375 0.009375 0.7109375 0.025 0.6875 0.025
0 0.7109375 0 0.734375 0 0.734375 0.021875 0.7109375 0.021875
0 0.31875 0.2109375 0.3453125 0.2109375 0.3453125 0.228125 0.31875 0.228125
0 0.3375 0.15625 0.371875 0.15625 0.371875 0.175 0.3375 0.175
0 0.809375 0.5453125 0.8453125 0.5453125 0.8453125 0.5625 0.809375 0.5625
0 0.30625 0.7078125 0.3328125 0.7078125 0.3328125 0.725 0.30625 0.725
0 0.1578125 0.6765625 0.1890625 0.6765625 0.1890625 0.7015625 0.1578125 0.7015625
0 0.56875 0.9171875 0.6203125 0.9171875 0.6203125 0.959375 0.56875 0.959375
0 0.515625 0.84375 0.5640625 0.84375 0.5640625 0.8796875 0.515625 0.8796875
0 0.4609375 0.909375 0.4828125 0.909375 0.4828125 0.9328125 0.4609375 0.9328125
0 0.6703125 0.9671875 0.7140625 0.9671875 0.7140625 0.9953125 0.6703125 0.9953125
0 0.7140625 0.9484375 0.7546875 0.9484375 0.7546875 0.975 0.7140625 0.975