0 0.16875 0.51875 0.1984375 0.51875 0.1984375 0.540625 0.16875 0.540625
0 0.290625 0.7875 0.328125 0.7875 0.328125 0.815625 0.290625 0.815625
0 0.7390625 0.69375 0.7734375 0.69375 0.7734375 0.7234375 0.7390625 0.7234375
4 0.3875 0.4390625 0.5734375 0.4390625 0.5734375 0.6046875 0.3875 0.6046875
0 0.678125 0.1859375 0.7140625 0.1859375 0.7140625 0.2140625 0.678125 0.2140625
0 0.7328125 0.2546875 0.7734375 0.2546875 0.7734375 0.2765625 0.7328125 0.2765625
0 0.40625 0.0265625 0.440625 0.0265625 0.440625 0.046875 0.40625 0.046875
0 0.4921875 0.01875 0.5546875 0.01875 0.5546875 0.0453125 0.4921875 0.0453125
0 0.3875 0.9578125 0.4203125 0.9578125 0.4203125 0.9859375 0.3875 0.9859375
0 0.3296875 0.3640625 0.35625 0.3640625 0.35625 0.3859375 0.3296875 0.3859375
0 0.3328125 0.396875 0.3859375 0.396875 0.3859375 0.4234375 0.3328125 0.4234375
0 0.46875 0.384375 0.4984375 0.384375 0.4984375 0.4015625 0.46875 0.4015625
0 0.6578125 0.465625 0.6921875 0.465625 0.6921875 0.496875 0.6578125 0.496875