0 0.5234375 0.3484375 0.5703125 0.3484375 0.5703125 0.3703125 0.5234375 0.3703125
0 0.2734375 0.334375 0.3046875 0.334375 0.3046875 0.34375 0.2734375 0.34375
0 0.265625 0.525 0.2859375 0.525 0.2859375 0.5328125 0.265625 0.5328125
0 0.16875 0.565625 0.2296875 0.565625 0.2296875 0.584375 0.16875 0.584375
0 0.7703125 0.521875 0.796875 0.521875 0.796875 0.5390625 0.7703125 0.5390625
0 0.78125 0.5765625 0.815625 0.5765625 0.815625 0.5953125 0.78125 0.5953125
0 0.8234375 0.6328125 0.85625 0.6328125 0.85625 0.653125 0.8234375 0.653125
0 0.775 0.6296875 0.8 0.6296875 0.8 0.64375 0.775 0.64375
0 0.646875 0.7140625 0.66875 0.7140625 0.66875 0.7265625 0.646875 0.7265625
0 0.7375 0.7078125 0.76875 0.7078125 0.76875 0.7203125 0.7375 0.7203125
0 0.753125 0.575 0.7796875 0.575 0.7796875 0.5859375 0.753125 0.5859375
0 0.85625 0.559375 0.88125 0.559375 0.88125 0.571875 0.85625 0.571875
0 0.85 0.434375 0.8734375 0.434375 0.8734375 0.4484375 0.85 0.4484375
0 0.8578125 0.4578125 0.8859375 0.4578125 0.8859375 0.471875 0.8578125 0.471875
0 0.228125 0.675 0.2734375 0.675 0.2734375 0.7015625 0.228125 0.7015625
0 0.1765625 0.640625 0.2078125 0.640625 0.2078125 0.6609375 0.1765625 0.6609375
0 0.1734375 0.615625 0.203125 0.615625 0.203125 0.6296875 0.1734375 0.6296875
0 0.2203125 0.609375 0.240625 0.609375 0.240625 0.6265625 0.2203125 0.6265625
0 0.1515625 0.6 0.1796875 0.6 0.1796875 0.6125 0.1515625 0.6125
0 0.403125 0.3484375 0.4375 0.3484375 0.4375 0.3609375 0.403125 0.3609375