0 0.471875 0.215625 0.5515625 0.215625 0.5515625 0.28125 0.471875 0.28125
0 0.7765625 0.2546875 0.84375 0.2546875 0.84375 0.33125 0.7765625 0.33125
0 0.6453125 0.0078125 0.7125 0.0078125 0.7125 0.0578125 0.6453125 0.0578125
0 0.4984375 0.4140625 0.5828125 0.4140625 0.5828125 0.4734375 0.4984375 0.4734375
1 0.9234375 0.5171875 0.984375 0.5171875 0.984375 0.584375 0.9234375 0.584375
1 0.4765625 0.6109375 0.5484375 0.6109375 0.5484375 0.665625 0.4765625 0.665625
0 0.61875 0.64375 0.7078125 0.64375 0.7078125 0.7265625 0.61875 0.7265625
0 0.1921875 0.75 0.2640625 0.75 0.2640625 0.809375 0.1921875 0.809375
0 0.05625 0.9078125 0.109375 0.9078125 0.109375 0.959375 0.05625 0.959375
0 0.8546875 0.1375 0.9265625 0.1375 0.9265625 0.1921875 0.8546875 0.1921875
0 0.721875 0.14375 0.79375 0.14375 0.79375 0.2046875 0.721875 0.2046875