0 0.478125 0.5953125 0.5421875 0.5953125 0.5421875 0.61875 0.478125 0.61875
0 0.6375 0.575 0.678125 0.575 0.678125 0.5953125 0.6375 0.5953125
0 0.6796875 0.565625 0.7359375 0.565625 0.7359375 0.5921875 0.6796875 0.5921875
0 0.5109375 0.5375 0.55625 0.5375 0.55625 0.5625 0.5109375 0.5625
0 0.565625 0.6703125 0.60625 0.6703125 0.60625 0.6921875 0.565625 0.6921875
0 0.459375 0.6390625 0.528125 0.6390625 0.528125 0.678125 0.459375 0.678125
0 0.68125 0.6046875 0.7296875 0.6046875 0.7296875 0.63125 0.68125 0.63125
1 0.5203125 0.5765625 0.5921875 0.5765625 0.5921875 0.60625 0.5203125 0.60625
1 0.609375 0.5296875 0.6765625 0.5296875 0.6765625 0.55625 0.609375 0.55625
0 0.6921875 0.6609375 0.7484375 0.6609375 0.7484375 0.684375 0.6921875 0.684375
0 0.64375 0.690625 0.6703125 0.690625 0.6703125 0.703125 0.64375 0.703125
0 0.7546875 0.5984375 0.8 0.5984375 0.8 0.61875 0.7546875 0.61875
0 0.728125 0.5546875 0.7734375 0.5546875 0.7734375 0.578125 0.728125 0.578125
0 0.7421875 0.4703125 0.7765625 0.4703125 0.7765625 0.4875 0.7421875 0.4875
0 0.4828125 0.3828125 0.5125 0.3828125 0.5125 0.396875 0.4828125 0.396875
0 0.246875 0.74375 0.29375 0.74375 0.29375 0.7609375 0.246875 0.7609375
0 0.246875 0.7984375 0.28125 0.7984375 0.28125 0.8125 0.246875 0.8125
0 0.4484375 0.7453125 0.4734375 0.7453125 0.4734375 0.753125 0.4484375 0.753125
0 0.5375 0.6953125 0.571875 0.6953125 0.571875 0.7125 0.5375 0.7125