0 0.3140625 0.4046875 0.3609375 0.4046875 0.3609375 0.440625 0.3140625 0.440625
0 0.5015625 0.1703125 0.5265625 0.1703125 0.5265625 0.1828125 0.5015625 0.1828125
0 0.4859375 0.19375 0.521875 0.19375 0.521875 0.2125 0.4859375 0.2125
0 0.5515625 0.2234375 0.5828125 0.2234375 0.5828125 0.24375 0.5515625 0.24375
0 0.5328125 0.24375 0.56875 0.24375 0.56875 0.26875 0.5328125 0.26875
0 0.5125 0.296875 0.5390625 0.296875 0.5390625 0.3140625 0.5125 0.3140625
0 0.39375 0.2 0.4125 0.2 0.4125 0.2125 0.39375 0.2125
0 0.440625 0.1765625 0.459375 0.1765625 0.459375 0.190625 0.440625 0.190625
0 0.4671875 0.1625 0.4984375 0.1625 0.4984375 0.184375 0.4671875 0.184375
4 0.328125 0.3484375 0.4359375 0.3484375 0.4359375 0.409375 0.328125 0.409375
4 0.2703125 0.2859375 0.3015625 0.2859375 0.3015625 0.321875 0.2703125 0.321875
4 0.2734375 0.3640625 0.3234375 0.3640625 0.3234375 0.4078125 0.2734375 0.4078125
0 0.5984375 0.3875 0.6234375 0.3875 0.6234375 0.40625 0.5984375 0.40625
0 0.4515625 0.5359375 0.4734375 0.5359375 0.4734375 0.55 0.4515625 0.55
0 0.403125 0.515625 0.41875 0.515625 0.41875 0.5265625 0.403125 0.5265625
0 0.53125 0.19375 0.5546875 0.19375 0.5546875 0.21875 0.53125 0.21875