4 0.409375 0.35 0.5515625 0.35 0.5515625 0.4453125 0.409375 0.4453125
4 0.51875 0.4609375 0.59375 0.4609375 0.59375 0.50625 0.51875 0.50625
0 0.7625 0.2171875 0.7984375 0.2171875 0.7984375 0.240625 0.7625 0.240625
0 0.7828125 0.2546875 0.815625 0.2546875 0.815625 0.2765625 0.7828125 0.2765625
0 0.7671875 0.2546875 0.7953125 0.2546875 0.7953125 0.278125 0.7671875 0.278125
0 0.4890625 0.534375 0.5359375 0.534375 0.5359375 0.559375 0.4890625 0.559375
0 0.4390625 0.4671875 0.49375 0.4671875 0.49375 0.5046875 0.4390625 0.5046875
0 0.3546875 0.5 0.38125 0.5 0.38125 0.51875 0.3546875 0.51875
0 0.4734375 0.5609375 0.5109375 0.5609375 0.5109375 0.58125 0.4734375 0.58125
0 0.396875 0.6015625 0.428125 0.6015625 0.428125 0.6203125 0.396875 0.6203125
0 0.33125 0.528125 0.3625 0.528125 0.3625 0.546875 0.33125 0.546875