4 0.290625 0.4765625 0.4046875 0.4765625 0.4046875 0.590625 0.290625 0.590625
0 0.596875 0.5109375 0.6328125 0.5109375 0.6328125 0.5390625 0.596875 0.5390625
0 0.6484375 0.4921875 0.6875 0.4921875 0.6875 0.5140625 0.6484375 0.5140625
0 0.671875 0.28125 0.6984375 0.28125 0.6984375 0.3015625 0.671875 0.3015625
0 0.5671875 0.2265625 0.590625 0.2265625 0.590625 0.2421875 0.5671875 0.2421875
0 0.5265625 0.2390625 0.5546875 0.2390625 0.5546875 0.259375 0.5265625 0.259375
0 0.4484375 0.209375 0.4859375 0.209375 0.4859375 0.2375 0.4484375 0.2375
0 0.403125 0.20625 0.421875 0.20625 0.421875 0.221875 0.403125 0.221875
0 0.3375 0.1953125 0.35625 0.1953125 0.35625 0.2109375 0.3375 0.2109375
0 0.3015625 0.6171875 0.3234375 0.6171875 0.3234375 0.634375 0.3015625 0.634375
0 0.5046875 0.4515625 0.5265625 0.4515625 0.5265625 0.46875 0.5046875 0.46875
0 0.534375 0.421875 0.553125 0.421875 0.553125 0.434375 0.534375 0.434375