0 0.6234375 0.0796875 0.7046875 0.0796875 0.7046875 0.125 0.6234375 0.125
0 0.46875 0.153125 0.5375 0.153125 0.5375 0.1984375 0.46875 0.1984375
0 0.4734375 0.115625 0.515625 0.115625 0.515625 0.14375 0.4734375 0.14375
0 0.5640625 0.0953125 0.6109375 0.0953125 0.6109375 0.1296875 0.5640625 0.1296875
0 0.56875 0.0609375 0.6015625 0.0609375 0.6015625 0.08125 0.56875 0.08125
0 0.3171875 0.1078125 0.3671875 0.1078125 0.3671875 0.1265625 0.3171875 0.1265625
0 0.2890625 0.2015625 0.346875 0.2015625 0.346875 0.2421875 0.2890625 0.2421875
0 0.74375 0.11875 0.7734375 0.11875 0.7734375 0.140625 0.74375 0.140625
0 0.5578125 0.296875 0.5953125 0.296875 0.5953125 0.325 0.5578125 0.325
0 0.553125 0.1546875 0.584375 0.1546875 0.584375 0.1859375 0.553125 0.1859375
0 0.6421875 0.1828125 0.6796875 0.1828125 0.6796875 0.2078125 0.6421875 0.2078125
0 0.6703125 0.1546875 0.7046875 0.1546875 0.7046875 0.18125 0.6703125 0.18125
0 0.33125 0.74375 0.365625 0.74375 0.365625 0.7640625 0.33125 0.7640625
0 0.7703125 0.6796875 0.8109375 0.6796875 0.8109375 0.709375 0.7703125 0.709375
0 0.7 0.665625 0.7296875 0.665625 0.7296875 0.6859375 0.7 0.6859375
0 0.415625 0.6203125 0.453125 0.6203125 0.453125 0.6546875 0.415625 0.6546875
5 0.6234375 0.4203125 0.9046875 0.4203125 0.9046875 0.5078125 0.6234375 0.5078125
5 0.1953125 0.4421875 0.4484375 0.4421875 0.4484375 0.521875 0.1953125 0.521875