0 0.6625 0.5734375 0.721875 0.5734375 0.721875 0.6203125 0.6625 0.6203125
0 0.7515625 0.3734375 0.7828125 0.3734375 0.7828125 0.4015625 0.7515625 0.4015625
0 0.7359375 0.5109375 0.759375 0.5109375 0.759375 0.5328125 0.7359375 0.5328125
0 0.7234375 0.5609375 0.7609375 0.5609375 0.7609375 0.584375 0.7234375 0.584375
0 0.690625 0.6140625 0.721875 0.6140625 0.721875 0.6546875 0.690625 0.6546875
0 0.4390625 0.69375 0.4796875 0.69375 0.4796875 0.7203125 0.4390625 0.7203125
0 0.275 0.6890625 0.3015625 0.6890625 0.3015625 0.715625 0.275 0.715625
0 0.5625 0.665625 0.5921875 0.665625 0.5921875 0.684375 0.5625 0.684375
0 0.5203125 0.70625 0.5875 0.70625 0.5875 0.7234375 0.5203125 0.7234375
0 0.3890625 0.721875 0.446875 0.721875 0.446875 0.75625 0.3890625 0.75625
0 0.6140625 0.571875 0.65 0.571875 0.65 0.6015625 0.6140625 0.6015625
0 0.521875 0.6203125 0.5640625 0.6203125 0.5640625 0.64375 0.521875 0.64375
0 0.3546875 0.0265625 0.3890625 0.0265625 0.3890625 0.046875 0.3546875 0.046875
0 0.1984375 0.1046875 0.240625 0.1046875 0.240625 0.1328125 0.1984375 0.1328125
0 0.28125 0.0546875 0.3296875 0.0546875 0.3296875 0.0765625 0.28125 0.0765625