0 0.615625 0.5578125 0.65625 0.5578125 0.65625 0.584375 0.615625 0.584375
0 0.5625 0.6015625 0.6046875 0.6015625 0.6046875 0.6234375 0.5625 0.6234375
0 0.61875 0.65625 0.7359375 0.65625 0.7359375 0.7109375 0.61875 0.7109375
0 0.3203125 0.6125 0.6546875 0.6125 0.6546875 0.803125 0.3203125 0.803125
0 0.4328125 0.46875 0.4953125 0.46875 0.4953125 0.5125 0.4328125 0.5125
0 0.3671875 0.4328125 0.4203125 0.4328125 0.4203125 0.4640625 0.3671875 0.4640625
0 0.7703125 0.046875 0.81875 0.046875 0.81875 0.0859375 0.7703125 0.0859375
0 0.609375 0.0453125 0.65 0.0453125 0.65 0.071875 0.609375 0.071875
0 0.5796875 0.428125 0.6421875 0.428125 0.6421875 0.4640625 0.5796875 0.4640625
0 0.3125 0.525 0.3609375 0.525 0.3609375 0.5484375 0.3125 0.5484375
0 0.365625 0.5609375 0.4484375 0.5609375 0.4484375 0.609375 0.365625 0.609375
4 0.4640625 0.3390625 0.5734375 0.3390625 0.5734375 0.453125 0.4640625 0.453125