5 0.346875 0.421875 0.50625 0.421875 0.50625 0.4671875 0.346875 0.4671875
0 0.6328125 0.559375 0.6546875 0.559375 0.6546875 0.58125 0.6328125 0.58125
0 0.6546875 0.5734375 0.675 0.5734375 0.675 0.609375 0.6546875 0.609375
0 0.5484375 0.7015625 0.603125 0.7015625 0.603125 0.73125 0.5484375 0.73125
0 0.54375 0.64375 0.5890625 0.64375 0.5890625 0.6640625 0.54375 0.6640625
0 0.4953125 0.6078125 0.5265625 0.6078125 0.5265625 0.6296875 0.4953125 0.6296875
0 0.484375 0.6484375 0.51875 0.6484375 0.51875 0.6734375 0.484375 0.6734375
0 0.5078125 0.6265625 0.5515625 0.6265625 0.5515625 0.6671875 0.5078125 0.6671875
0 0.459375 0.675 0.4890625 0.675 0.4890625 0.6984375 0.459375 0.6984375
0 0.4328125 0.6265625 0.478125 0.6265625 0.478125 0.653125 0.4328125 0.653125
0 0.421875 0.7359375 0.45625 0.7359375 0.45625 0.7625 0.421875 0.7625
0 0.3375 0.796875 0.38125 0.796875 0.38125 0.81875 0.3375 0.81875
0 0.31875 0.86875 0.3453125 0.86875 0.3453125 0.884375 0.31875 0.884375
0 0.4484375 0.815625 0.4828125 0.815625 0.4828125 0.8328125 0.4484375 0.8328125
0 0.6015625 0.634375 0.6453125 0.634375 0.6453125 0.6625 0.6015625 0.6625