0 0.4546875 0.6265625 0.49375 0.6265625 0.49375 0.65 0.4546875 0.65
0 0.2265625 0.3484375 0.2640625 0.3484375 0.2640625 0.378125 0.2265625 0.378125
5 0.615625 0.28125 0.853125 0.28125 0.853125 0.35 0.615625 0.35
5 0.275 0.28125 0.45625 0.28125 0.45625 0.3421875 0.275 0.3421875
4 0.4671875 0.1 0.8234375 0.1 0.8234375 0.1828125 0.4671875 0.1828125
4 0.4453125 0.1859375 0.6296875 0.1859375 0.6296875 0.2609375 0.4453125 0.2609375
4 0.2640625 0.0984375 0.4609375 0.0984375 0.4609375 0.1765625 0.2640625 0.1765625
4 0.4796875 0.3515625 0.6203125 0.3515625 0.6203125 0.434375 0.4796875 0.434375
4 0.6484375 0.365625 0.85 0.365625 0.85 0.5046875 0.6484375 0.5046875
4 0.2078125 0.3875 0.4296875 0.3875 0.4296875 0.5015625 0.2078125 0.5015625
4 0.2734375 0.3484375 0.440625 0.3484375 0.440625 0.3859375 0.2734375 0.3859375
4 0.646875 0.5140625 0.81875 0.5140625 0.81875 0.565625 0.646875 0.565625