0 0.8078125 0.5703125 0.859375 0.5703125 0.859375 0.60625 0.8078125 0.60625
0 0.6859375 0.75 0.7453125 0.75 0.7453125 0.7828125 0.6859375 0.7828125
0 0.5171875 0.7796875 0.5796875 0.7796875 0.5796875 0.8078125 0.5171875 0.8078125
0 0.2546875 0.578125 0.284375 0.578125 0.284375 0.603125 0.2546875 0.603125
0 0.28125 0.4453125 0.328125 0.4453125 0.328125 0.475 0.28125 0.475
0 0.4859375 0.5984375 0.528125 0.5984375 0.528125 0.6265625 0.4859375 0.6265625
0 0.49375 0.7 0.553125 0.7 0.553125 0.7359375 0.49375 0.7359375
0 0.39375 0.734375 0.4484375 0.734375 0.4484375 0.7546875 0.39375 0.7546875
0 0.440625 0.6734375 0.46875 0.6734375 0.46875 0.7015625 0.440625 0.7015625
0 0.803125 0.259375 0.8515625 0.259375 0.8515625 0.2796875 0.803125 0.2796875
0 0.625 0.459375 0.6765625 0.459375 0.6765625 0.490625 0.625 0.490625
9 0.553125 0.690625 0.6328125 0.690625 0.6328125 0.7515625 0.553125 0.7515625