0 0.5515625 0.178125 0.5875 0.178125 0.5875 0.1984375 0.5515625 0.1984375
0 0.6421875 0.2375 0.6953125 0.2375 0.6953125 0.265625 0.6421875 0.265625
0 0.55625 0.253125 0.5890625 0.253125 0.5890625 0.271875 0.55625 0.271875
0 0.5140625 0.20625 0.54375 0.20625 0.54375 0.2234375 0.5140625 0.2234375
0 0.50625 0.0984375 0.540625 0.0984375 0.540625 0.125 0.50625 0.125
0 0.5828125 0.08125 0.6140625 0.08125 0.6140625 0.09375 0.5828125 0.09375
0 0.4828125 0.5296875 0.5109375 0.5296875 0.5109375 0.55 0.4828125 0.55
0 0.809375 0.60625 0.8421875 0.60625 0.8421875 0.628125 0.809375 0.628125
0 0.796875 0.690625 0.8328125 0.690625 0.8328125 0.7171875 0.796875 0.7171875
0 0.690625 0.7015625 0.7171875 0.7015625 0.7171875 0.71875 0.690625 0.71875
5 0.575 0.4328125 0.8609375 0.4328125 0.8609375 0.4984375 0.575 0.4984375
5 0.1890625 0.446875 0.375 0.446875 0.375 0.5 0.1890625 0.5
4 0.58125 0.50625 0.7890625 0.50625 0.7890625 0.640625 0.58125 0.640625
4 0.209375 0.5390625 0.3171875 0.5390625 0.3171875 0.6578125 0.209375 0.6578125
1 0.384375 0.515625 0.4796875 0.515625 0.4796875 0.609375 0.384375 0.609375
1 0.4265625 0.4765625 0.4921875 0.4765625 0.4921875 0.5125 0.4265625 0.5125