0 0.34375 0.0828125 0.390625 0.0828125 0.390625 0.1171875 0.34375 0.1171875
0 0.30625 0.1328125 0.3421875 0.1328125 0.3421875 0.153125 0.30625 0.153125
0 0.471875 0.1484375 0.503125 0.1484375 0.503125 0.165625 0.471875 0.165625
0 0.346875 0.178125 0.3859375 0.178125 0.3859375 0.1953125 0.346875 0.1953125
0 0.2390625 0.1640625 0.278125 0.1640625 0.278125 0.1875 0.2390625 0.1875
0 0.3140625 0.5140625 0.3609375 0.5140625 0.3609375 0.5390625 0.3140625 0.5390625
0 0.76875 0.5703125 0.80625 0.5703125 0.80625 0.6015625 0.76875 0.6015625
0 0.6515625 0.5234375 0.684375 0.5234375 0.684375 0.54375 0.6515625 0.54375
0 0.709375 0.5125 0.7296875 0.5125 0.7296875 0.528125 0.709375 0.528125
0 0.7984375 0.6859375 0.840625 0.6859375 0.840625 0.7140625 0.7984375 0.7140625
0 0.546875 0.871875 0.565625 0.871875 0.565625 0.8859375 0.546875 0.8859375
4 0.4890625 0.475 0.7171875 0.475 0.7171875 0.6234375 0.4890625 0.6234375
5 0.4640625 0.396875 0.71875 0.396875 0.71875 0.459375 0.4640625 0.459375
5 0.1484375 0.45 0.2421875 0.45 0.2421875 0.49375 0.1484375 0.49375
1 0.2328125 0.5078125 0.31875 0.5078125 0.31875 0.6109375 0.2328125 0.6109375