0 0.6015625 0.5609375 0.6359375 0.5609375 0.6359375 0.58125 0.6015625 0.58125
0 0.5375 0.5296875 0.56875 0.5296875 0.56875 0.55 0.5375 0.55
0 0.5828125 0.5375 0.6046875 0.5375 0.6046875 0.55625 0.5828125 0.55625
0 0.628125 0.5078125 0.6546875 0.5078125 0.6546875 0.525 0.628125 0.525
0 0.540625 0.6140625 0.5640625 0.6140625 0.5640625 0.634375 0.540625 0.634375
0 0.3859375 0.4890625 0.40625 0.4890625 0.40625 0.509375 0.3859375 0.509375
0 0.3734375 0.5 0.390625 0.5 0.390625 0.5296875 0.3734375 0.5296875
0 0.4609375 0.6578125 0.484375 0.6578125 0.484375 0.6734375 0.4609375 0.6734375
0 0.6140625 0.590625 0.6421875 0.590625 0.6421875 0.60625 0.6140625 0.60625
0 0.56875 0.5984375 0.59375 0.5984375 0.59375 0.6171875 0.56875 0.6171875
0 0.5421875 0.5859375 0.565625 0.5859375 0.565625 0.603125 0.5421875 0.603125
0 0.28125 0.51875 0.2921875 0.51875 0.2921875 0.53125 0.28125 0.53125
0 0.3203125 0.5171875 0.33125 0.5171875 0.33125 0.528125 0.3203125 0.528125
0 0.3734375 0.4765625 0.390625 0.4765625 0.390625 0.4875 0.3734375 0.4875