0 0.3984375 0.353125 0.5125 0.353125 0.5125 0.4546875 0.3984375 0.4546875
0 0.2921875 0.3578125 0.3984375 0.3578125 0.3984375 0.4015625 0.2921875 0.4015625
0 0.35625 0.346875 0.38125 0.346875 0.38125 0.36875 0.35625 0.36875
0 0.5171875 0.375 0.578125 0.375 0.578125 0.4671875 0.5171875 0.4671875
0 0.5125 0.6171875 0.5546875 0.6171875 0.5546875 0.6453125 0.5125 0.6453125
0 0.534375 0.6515625 0.5734375 0.6515625 0.5734375 0.66875 0.534375 0.66875
0 0.40625 0.46875 0.4359375 0.46875 0.4359375 0.490625 0.40625 0.490625
0 0.225 0.3921875 0.2921875 0.3921875 0.2921875 0.4375 0.225 0.4375
0 0.3109375 0.40625 0.38125 0.40625 0.38125 0.4484375 0.3109375 0.4484375
0 0.1578125 0.6265625 0.2015625 0.6265625 0.2015625 0.6640625 0.1578125 0.6640625
0 0.215625 0.6703125 0.2515625 0.6703125 0.2515625 0.696875 0.215625 0.696875
0 0.5828125 0.6640625 0.621875 0.6640625 0.621875 0.7015625 0.5828125 0.7015625
4 0.234375 0.6109375 0.29375 0.6109375 0.29375 0.6546875 0.234375 0.6546875