0 0.678125 0.4125 0.7203125 0.4125 0.7203125 0.4421875 0.678125 0.4421875
0 0.690625 0.4515625 0.7203125 0.4515625 0.7203125 0.475 0.690625 0.475
0 0.6609375 0.4515625 0.6890625 0.4515625 0.6890625 0.478125 0.6609375 0.478125
0 0.59375 0.5234375 0.625 0.5234375 0.625 0.54375 0.59375 0.54375
0 0.671875 0.5171875 0.709375 0.5171875 0.709375 0.5390625 0.671875 0.5390625
0 0.6359375 0.55625 0.68125 0.55625 0.68125 0.590625 0.6359375 0.590625
0 0.60625 0.565625 0.634375 0.565625 0.634375 0.5875 0.60625 0.5875
0 0.58125 0.5921875 0.621875 0.5921875 0.621875 0.6171875 0.58125 0.6171875
0 0.4921875 0.5640625 0.5109375 0.5640625 0.5109375 0.5875 0.4921875 0.5875
0 0.4640625 0.5328125 0.48125 0.5328125 0.48125 0.5515625 0.4640625 0.5515625
0 0.53125 0.5234375 0.5578125 0.5234375 0.5578125 0.5421875 0.53125 0.5421875
0 0.4078125 0.3875 0.4375 0.3875 0.4375 0.4078125 0.4078125 0.4078125
0 0.35 0.33125 0.3984375 0.33125 0.3984375 0.3609375 0.35 0.3609375
0 0.3171875 0.359375 0.35 0.359375 0.35 0.378125 0.3171875 0.378125
0 0.3125 0.39375 0.3578125 0.39375 0.3578125 0.415625 0.3125 0.415625
0 0.3609375 0.3671875 0.403125 0.3671875 0.403125 0.403125 0.3609375 0.403125
0 0.5234375 0.578125 0.5484375 0.578125 0.5484375 0.596875 0.5234375 0.596875
0 0.5390625 0.6421875 0.56875 0.6421875 0.56875 0.665625 0.5390625 0.665625
0 0.4171875 0.5015625 0.44375 0.5015625 0.44375 0.5203125 0.4171875 0.5203125
0 0.3328125 0.421875 0.3671875 0.421875 0.3671875 0.4484375 0.3328125 0.4484375
0 0.4203125 0.7140625 0.45 0.7140625 0.45 0.734375 0.4203125 0.734375
0 0.553125 0.56875 0.5828125 0.56875 0.5828125 0.5984375 0.553125 0.5984375
0 0.5109375 0.6015625 0.5484375 0.6015625 0.5484375 0.621875 0.5109375 0.621875
4 0.4875 0.5390625 0.6015625 0.5390625 0.6015625 0.58125 0.4875 0.58125