0 0.7765625 0.4546875 0.80625 0.4546875 0.80625 0.4671875 0.7765625 0.4671875
0 0.6265625 0.675 0.678125 0.675 0.678125 0.7078125 0.6265625 0.7078125
4 0.4734375 0.5203125 0.61875 0.5203125 0.61875 0.6703125 0.4734375 0.6703125
0 0.4890625 0.8734375 0.5296875 0.8734375 0.5296875 0.89375 0.4890625 0.89375
0 0.6265625 0.8375 0.6671875 0.8375 0.6671875 0.8671875 0.6265625 0.8671875
0 0.353125 0.54375 0.4 0.54375 0.4 0.5875 0.353125 0.5875
0 0.3484375 0.4015625 0.396875 0.4015625 0.396875 0.4390625 0.3484375 0.4390625
0 0.30625 0.43125 0.328125 0.43125 0.328125 0.45 0.30625 0.45
0 0.5609375 0.6875 0.5890625 0.6875 0.5890625 0.7078125 0.5609375 0.7078125
0 0.6453125 0.90625 0.6796875 0.90625 0.6796875 0.9359375 0.6453125 0.9359375
0 0.3859375 0.64375 0.425 0.64375 0.425 0.671875 0.3859375 0.671875