0 0.3703125 0.559375 0.396875 0.559375 0.396875 0.5875 0.3703125 0.5875
0 0.325 0.6015625 0.359375 0.6015625 0.359375 0.6265625 0.325 0.6265625
0 0.55 0.628125 0.5828125 0.628125 0.5828125 0.65 0.55 0.65
0 0.5609375 0.740625 0.590625 0.740625 0.590625 0.759375 0.5609375 0.759375
0 0.6 0.7171875 0.6203125 0.7171875 0.6203125 0.734375 0.6 0.734375
0 0.596875 0.803125 0.625 0.803125 0.625 0.828125 0.596875 0.828125
0 0.59375 0.7921875 0.6125 0.7921875 0.6125 0.803125 0.59375 0.803125
0 0.6390625 0.7625 0.659375 0.7625 0.659375 0.778125 0.6390625 0.778125
0 0.4875 0.7625 0.5140625 0.7625 0.5140625 0.778125 0.4875 0.778125
0 0.5921875 0.575 0.6171875 0.575 0.6171875 0.5921875 0.5921875 0.5921875
0 0.525 0.6 0.54375 0.6 0.54375 0.615625 0.525 0.615625
0 0.646875 0.6703125 0.6765625 0.6703125 0.6765625 0.69375 0.646875 0.69375