0 0.509375 0.5484375 0.540625 0.5484375 0.540625 0.5671875 0.509375 0.5671875
0 0.475 0.5421875 0.5046875 0.5421875 0.5046875 0.5625 0.475 0.5625
0 0.3625 0.534375 0.3953125 0.534375 0.3953125 0.5609375 0.3625 0.5609375
0 0.475 0.5859375 0.50625 0.5859375 0.50625 0.6125 0.475 0.6125
0 0.4296875 0.6015625 0.4578125 0.6015625 0.4578125 0.6234375 0.4296875 0.6234375
0 0.434375 0.5671875 0.465625 0.5671875 0.465625 0.590625 0.434375 0.590625
0 0.421875 0.7390625 0.4515625 0.7390625 0.4515625 0.753125 0.421875 0.753125
0 0.5984375 0.6984375 0.6265625 0.6984375 0.6265625 0.7203125 0.5984375 0.7203125
0 0.6421875 0.6671875 0.665625 0.6671875 0.665625 0.6859375 0.6421875 0.6859375
0 0.703125 0.5609375 0.73125 0.5609375 0.73125 0.5828125 0.703125 0.5828125
0 0.5390625 0.784375 0.56875 0.784375 0.56875 0.8015625 0.5390625 0.8015625
0 0.578125 0.803125 0.6109375 0.803125 0.6109375 0.828125 0.578125 0.828125
0 0.6078125 0.8703125 0.6328125 0.8703125 0.6328125 0.884375 0.6078125 0.884375
0 0.6296875 0.8015625 0.6515625 0.8015625 0.6515625 0.8296875 0.6296875 0.8296875