0 0.340625 0.5140625 0.390625 0.5140625 0.390625 0.5609375 0.340625 0.5609375
0 0.4953125 0.45625 0.521875 0.45625 0.521875 0.4921875 0.4953125 0.4921875
0 0.434375 0.471875 0.4625 0.471875 0.4625 0.4984375 0.434375 0.4984375
0 0.321875 0.3734375 0.3421875 0.3734375 0.3421875 0.3921875 0.321875 0.3921875
0 0.2125 0.4234375 0.2484375 0.4234375 0.2484375 0.453125 0.2125 0.453125
0 0.225 0.4625 0.2609375 0.4625 0.2609375 0.490625 0.225 0.490625
0 0.2546875 0.48125 0.2859375 0.48125 0.2859375 0.528125 0.2546875 0.528125
0 0.1984375 0.3796875 0.221875 0.3796875 0.221875 0.4109375 0.1984375 0.4109375
0 0.2140625 0.665625 0.24375 0.665625 0.24375 0.684375 0.2140625 0.684375
0 0.2625 0.7015625 0.2921875 0.7015625 0.2921875 0.725 0.2625 0.725
0 0.525 0.0796875 0.559375 0.0796875 0.559375 0.10625 0.525 0.10625
0 0.703125 0.0203125 0.7328125 0.0203125 0.7328125 0.0609375 0.703125 0.0609375
0 0.8296875 0.125 0.8484375 0.125 0.8484375 0.15625 0.8296875 0.15625
0 0.7125 0.0734375 0.74375 0.0734375 0.74375 0.115625 0.7125 0.115625
0 0.575 0.0671875 0.6078125 0.0671875 0.6078125 0.1 0.575 0.1
9 0.4734375 0.528125 0.528125 0.528125 0.528125 0.5921875 0.4734375 0.5921875
5 0.39375 0.34375 0.5875 0.34375 0.5875 0.3859375 0.39375 0.3859375
5 0.721875 0.434375 0.790625 0.434375 0.790625 0.465625 0.721875 0.465625