9 0.374379562500053 0.28077858906251646 0.37423616497267176 0.27884269330540135 0.4192410962290296 0.27550907297502847 0.4193844971598537 0.27744496507799754
9 0.429667064629939 0.28785524808495194 0.4298896176045446 0.2898581290167242 0.38847072392525206 0.2944602975153615 0.38824817499994424 0.29245742031249894
9 0.36489051093838043 0.29245732276706154 0.36489051244802795 0.29294399380462854 0.3181751833058115 0.29294409033569346 0.3181751828110464 0.2924574203125099
9 0.4439701025271461 0.28928402472218173 0.44356163625047884 0.28086774371838535 0.7090075471023738 0.26798377833966014 0.7094161032870261 0.2763999633293904
9 0.5016899264650192 0.294799479382859 0.5022278352893181 0.2998419353140716 0.3331494223907612 0.3178773744266636 0.3326115572147046 0.31283495873077266
9 0.6551191081193792 0.2905562459204972 0.6554252190584293 0.2957828038351198 0.4900140991595663 0.3054698273341321 0.4897080296875629 0.3002433093749499
9 0.6130656937500589 0.2871046234375241 0.614166068272084 0.27819253431114027 0.7521221107756446 0.2952250435715756 0.7510217964421599 0.30413707923898614
9 0.5823479312500695 0.30823195468752274 0.5894908702593966 0.28038065012589597 0.772762683375845 0.32738164734616537 0.765620037550093 0.3552327032583012
9 0.3137956203124759 0.3484184921874715 0.3115752279111348 0.3371143151589697 0.4750790677811665 0.3049989430655394 0.4772995302163281 0.31630302626012263
9 0.5955474453122633 0.3245742093750416 0.5974389056092377 0.3089977723365094 0.7324322441502318 0.3253891861502909 0.7305408989351463 0.34096551936927194
9 0.7323631374999877 0.34201743749997154 0.7353231787085406 0.3398835419390537 0.7627410027516817 0.37791481098892266 0.759780966203607 0.38004870107098676
9 0.5427177157370124 0.26926872690338205 0.5423018058683056 0.2611572032084938 0.7134805406082023 0.2523798691395242 0.7138965026239248 0.26049133635020894
9 0.3677777660856236 0.6461629126137418 0.36191482773301686 0.639293078922028 0.41263785746218673 0.5960095589764017 0.4185007670542973 0.6028793485941327
9 0.3711171656249235 0.6684831968749668 0.3653796745869613 0.661686283426606 0.4247805075907536 0.6115503966575411 0.43051796627923977 0.6183472584510298
9 0.48128587658914057 0.6098745119116934 0.4844592373758587 0.6148408501499365 0.4206694716913262 0.6555956980827536 0.4174961520116085 0.6506293960084739
9 0.6408719343750136 0.6074477749999956 0.6442453490765274 0.6029874446417939 0.7014476475420679 0.6462451972292771 0.6980742664219406 0.6507054970134427