0 0.421875 0.221875 0.4484375 0.221875 0.4484375 0.2453125 0.421875 0.2453125
1 0.33125 0.2453125 0.5890625 0.2453125 0.5890625 0.3015625 0.33125 0.3015625
1 0.453125 0.309375 0.54375 0.309375 0.54375 0.3265625 0.453125 0.3265625
0 0.2609375 0.534375 0.3296875 0.534375 0.3296875 0.5953125 0.2609375 0.5953125
0 0.2609375 0.4640625 0.284375 0.4640625 0.284375 0.4828125 0.2609375 0.4828125
0 0.3015625 0.4921875 0.31875 0.4921875 0.31875 0.509375 0.3015625 0.509375
0 0.625 0.465625 0.653125 0.465625 0.653125 0.48125 0.625 0.48125
0 0.684375 0.496875 0.7203125 0.496875 0.7203125 0.5234375 0.684375 0.5234375
0 0.7109375 0.5578125 0.7609375 0.5578125 0.7609375 0.5953125 0.7109375 0.5953125
0 0.4671875 0.5421875 0.490625 0.5421875 0.490625 0.5578125 0.4671875 0.5578125
0 0.5515625 0.45625 0.565625 0.45625 0.565625 0.475 0.5515625 0.475
0 0.3671875 0.50625 0.3921875 0.50625 0.3921875 0.5234375 0.3671875 0.5234375
0 0.4484375 0.6859375 0.509375 0.6859375 0.509375 0.73125 0.4484375 0.73125
0 0.678125 0.628125 0.6953125 0.628125 0.6953125 0.64375 0.678125 0.64375
0 0.6828125 0.55 0.7 0.55 0.7 0.5640625 0.6828125 0.5640625
0 0.6671875 0.5265625 0.684375 0.5265625 0.684375 0.5421875 0.6671875 0.5421875
0 0.5046875 0.49375 0.5296875 0.49375 0.5296875 0.515625 0.5046875 0.515625