0 0.246875 0.4046875 0.340625 0.4046875 0.340625 0.44375 0.246875 0.44375
0 0.2921875 0.328125 0.3390625 0.328125 0.3390625 0.371875 0.2921875 0.371875
0 0.6046875 0.3421875 0.684375 0.3421875 0.684375 0.40625 0.6046875 0.40625
0 0.40625 0.2703125 0.4515625 0.2703125 0.4515625 0.3015625 0.40625 0.3015625
0 0.521875 0.2796875 0.559375 0.2796875 0.559375 0.3046875 0.521875 0.3046875
0 0.490625 0.309375 0.51875 0.309375 0.51875 0.3265625 0.490625 0.3265625
0 0.4015625 0.40625 0.43125 0.40625 0.43125 0.4265625 0.4015625 0.4265625
0 0.434375 0.44375 0.4578125 0.44375 0.4578125 0.465625 0.434375 0.465625
0 0.5984375 0.421875 0.6671875 0.421875 0.6671875 0.4625 0.5984375 0.4625
0 0.40625 0.3234375 0.4375 0.3234375 0.4375 0.34375 0.40625 0.34375
0 0.3328125 0.3015625 0.371875 0.3015625 0.371875 0.3265625 0.3328125 0.3265625
0 0.340625 0.3328125 0.378125 0.3328125 0.378125 0.36875 0.340625 0.36875
0 0.259375 0.375 0.3203125 0.375 0.3203125 0.4015625 0.259375 0.4015625
0 0.746875 0.434375 0.771875 0.434375 0.771875 0.46875 0.746875 0.46875
0 0.6390625 0.3203125 0.6703125 0.3203125 0.6703125 0.3375 0.6390625 0.3375
0 0.5 0.4890625 0.5234375 0.4890625 0.5234375 0.5109375 0.5 0.5109375
0 0.55625 0.4703125 0.5796875 0.4703125 0.5796875 0.4859375 0.55625 0.4859375
0 0.5171875 0.3890625 0.553125 0.3890625 0.553125 0.4109375 0.5171875 0.4109375
0 0.3390625 0.378125 0.4375 0.378125 0.4375 0.4 0.3390625 0.4
0 0.2640625 0.34375 0.2875 0.34375 0.2875 0.371875 0.2640625 0.371875
0 0.640625 0.7203125 0.6796875 0.7203125 0.6796875 0.7421875 0.640625 0.7421875
0 0.5390625 0.6734375 0.5703125 0.6734375 0.5703125 0.690625 0.5390625 0.690625
0 0.5671875 0.6640625 0.5921875 0.6640625 0.5921875 0.6859375 0.5671875 0.6859375
5 0.58125 0.58125 0.7484375 0.58125 0.7484375 0.6375 0.58125 0.6375
5 0.26875 0.56875 0.425 0.56875 0.425 0.621875 0.26875 0.621875
0 0.5421875 0.315625 0.5875 0.315625 0.5875 0.3390625 0.5421875 0.3390625