0 0.2734375 0.6421875 0.3046875 0.6421875 0.3046875 0.6578125 0.2734375 0.6578125
0 0.2984375 0.671875 0.33125 0.671875 0.33125 0.690625 0.2984375 0.690625
0 0.353125 0.68125 0.38125 0.68125 0.38125 0.703125 0.353125 0.703125
0 0.303125 0.709375 0.334375 0.709375 0.334375 0.7296875 0.303125 0.7296875
0 0.28125 0.728125 0.3140625 0.728125 0.3140625 0.753125 0.28125 0.753125
0 0.2625 0.6796875 0.3 0.6796875 0.3 0.70625 0.2625 0.70625
0 0.4765625 0.6953125 0.5078125 0.6953125 0.5078125 0.7203125 0.4765625 0.7203125
0 0.5046875 0.7625 0.5296875 0.7625 0.5296875 0.784375 0.5046875 0.784375
0 0.490625 0.8015625 0.5125 0.8015625 0.5125 0.8140625 0.490625 0.8140625
0 0.496875 0.8703125 0.525 0.8703125 0.525 0.8875 0.496875 0.8875
0 0.446875 0.8828125 0.471875 0.8828125 0.471875 0.9046875 0.446875 0.9046875
0 0.40625 0.8734375 0.4328125 0.8734375 0.4328125 0.8953125 0.40625 0.8953125
0 0.3453125 0.9015625 0.3921875 0.9015625 0.3921875 0.925 0.3453125 0.925
0 0.3 0.890625 0.3296875 0.890625 0.3296875 0.9140625 0.3 0.9140625
0 0.296875 0.865625 0.3421875 0.865625 0.3421875 0.8921875 0.296875 0.8921875
0 0.25 0.8734375 0.28125 0.8734375 0.28125 0.89375 0.25 0.89375
0 0.2453125 0.8515625 0.2703125 0.8515625 0.2703125 0.8671875 0.2453125 0.8671875
0 0.3953125 0.7703125 0.4265625 0.7703125 0.4265625 0.79375 0.3953125 0.79375
0 0.3625 0.784375 0.3953125 0.784375 0.3953125 0.8046875 0.3625 0.8046875
0 0.3640625 0.815625 0.396875 0.815625 0.396875 0.8359375 0.3640625 0.8359375
0 0.4078125 0.8015625 0.434375 0.8015625 0.434375 0.8171875 0.4078125 0.8171875
0 0.446875 0.7890625 0.4703125 0.7890625 0.4703125 0.8140625 0.446875 0.8140625
0 0.3796875 0.7 0.4078125 0.7 0.4078125 0.721875 0.3796875 0.721875
0 0.190625 0.9140625 0.2234375 0.9140625 0.2234375 0.9328125 0.190625 0.9328125
5 0.15625 0.634375 0.21875 0.634375 0.21875 0.665625 0.15625 0.665625