9 0.4754718875000208 0.30535082968748456 0.475401819720787 0.30461754334670615 0.4845635026158561 0.30374213963346075 0.4846335706741911 0.30447542566025754
9 0.47530777787278566 0.3047673471631241 0.47595515828652424 0.30706907152620033 0.461863261111489 0.31103242295739303 0.4612158825412962 0.3087307001725852
9 0.4537143796874261 0.32735911718745914 0.45337388929385725 0.3264870110526707 0.46187521234389806 0.3231680039218474 0.46221570289446845 0.32404010966166796
9 0.44431402170948786 0.33440938276420035 0.44387380701448365 0.33382244893606694 0.4532741653838457 0.3267721840435216 0.4537143799412888 0.32735911752589236
9 0.4803079218692119 0.3222229417498685 0.48020607228295376 0.320729183957789 0.48689693446499405 0.3202729914797615 0.4869987845046353 0.32176674878078876
9 0.4982880902857687 0.32404010186668086 0.49732725434421354 0.3274829987132552 0.48626505099139194 0.32439587801299524 0.4872258881239304 0.32095298310998455
9 0.5036547921874899 0.32404010625002266 0.504070570679005 0.32242918775509627 0.5155067257878727 0.32538076524809945 0.515090948389684 0.32699168280149365
9 0.4756664218750757 0.3393250187499967 0.4757011399606199 0.3390357134409425 0.48790013567463575 0.34049959874284563 0.48786541779099935 0.3407889038678988
9 0.46432290312498026 0.34057088281246417 0.4642181719987093 0.3399599705411743 0.47148571445700327 0.33871410935723567 0.471590445765969 0.3393250213954434
9 0.4643229026838753 0.34057088023945337 0.4643723596492464 0.34085936792494215 0.45737398653272976 0.34205909226637393 0.4573245296875257 0.3417706046874484
9 0.485856358887645 0.3595010996639766 0.48829036347387955 0.35972750884902843 0.48499199447985575 0.39518500576477933 0.48255798995705845 0.39495859704465547
9 0.5007680228241043 0.36128033432523665 0.5024414630938736 0.36143970287402466 0.4999995414480054 0.38707988448068614 0.4983261012115463 0.38692051616587286
9 0.5135775603505408 0.3466009719056607 0.5135296807604846 0.3472393498314809 0.4980364105562103 0.3460773602152723 0.4980842906251155 0.3454389828125561
9 0.5229477473683346 0.35155294413406135 0.5219205759372016 0.35292245603912215 0.5135729992190363 0.3466617760411761 0.5146001703461707 0.3452922648959525