0 0.596875 0.4625 0.659375 0.4625 0.659375 0.4875 0.596875 0.4875
5 0.640625 0.6171875 0.771875 0.6171875 0.771875 0.65625 0.640625 0.65625
0 0.4796875 0.4953125 0.5171875 0.4953125 0.5171875 0.5203125 0.4796875 0.5203125
0 0.5234375 0.4640625 0.5609375 0.4640625 0.5609375 0.4890625 0.5234375 0.4890625
0 0.59375 0.428125 0.6765625 0.428125 0.6765625 0.44375 0.59375 0.44375
0 0.4890625 0.4453125 0.534375 0.4453125 0.534375 0.4609375 0.4890625 0.4609375
0 0.45 0.6234375 0.484375 0.6234375 0.484375 0.646875 0.45 0.646875
0 0.43125 0.65 0.4796875 0.65 0.4796875 0.6828125 0.43125 0.6828125
0 0.603125 0.73125 0.653125 0.73125 0.653125 0.7796875 0.603125 0.7796875
0 0.665625 0.725 0.6875 0.725 0.6875 0.740625 0.665625 0.740625
0 0.5484375 0.5078125 0.5796875 0.5078125 0.5796875 0.5265625 0.5484375 0.5265625
0 0.696875 0.465625 0.734375 0.465625 0.734375 0.490625 0.696875 0.490625
0 0.5921875 0.396875 0.6875 0.396875 0.6875 0.4234375 0.5921875 0.4234375
0 0.553125 0.4296875 0.603125 0.4296875 0.603125 0.465625 0.553125 0.465625