0 0.575 0.471875 0.5984375 0.471875 0.5984375 0.490625 0.575 0.490625
0 0.5234375 0.478125 0.5421875 0.478125 0.5421875 0.4921875 0.5234375 0.4921875
0 0.3390625 0.4984375 0.359375 0.4984375 0.359375 0.509375 0.3390625 0.509375
0 0.3109375 0.4859375 0.3296875 0.4859375 0.3296875 0.496875 0.3109375 0.496875
0 0.5484375 0.684375 0.571875 0.684375 0.571875 0.703125 0.5484375 0.703125
0 0.5 0.6875 0.5234375 0.6875 0.5234375 0.7046875 0.5 0.7046875
0 0.528125 0.66875 0.54375 0.66875 0.54375 0.68125 0.528125 0.68125
0 0.478125 0.6640625 0.4953125 0.6640625 0.4953125 0.675 0.478125 0.675
0 0.4625 0.6796875 0.484375 0.6796875 0.484375 0.69375 0.4625 0.69375
0 0.4546875 0.65 0.46875 0.65 0.46875 0.659375 0.4546875 0.659375
0 0.3515625 0.60625 0.3703125 0.60625 0.3703125 0.6265625 0.3515625 0.6265625
0 0.621875 0.5234375 0.64375 0.5234375 0.64375 0.534375 0.621875 0.534375
0 0.56875 0.390625 0.590625 0.390625 0.590625 0.41875 0.56875 0.41875
0 0.496875 0.3890625 0.5171875 0.3890625 0.5171875 0.4015625 0.496875 0.4015625
0 0.4484375 0.39375 0.46875 0.39375 0.46875 0.4109375 0.4484375 0.4109375
0 0.4890625 0.4140625 0.5046875 0.4140625 0.5046875 0.4234375 0.4890625 0.4234375
0 0.53125 0.3828125 0.5421875 0.3828125 0.5421875 0.3921875 0.53125 0.3921875
0 0.5421875 0.3984375 0.55625 0.3984375 0.55625 0.4109375 0.5421875 0.4109375
4 0.31875 0.515625 0.4296875 0.515625 0.4296875 0.565625 0.31875 0.565625