9 0.475 0.553125 0.546875 0.553125 0.546875 0.5984375 0.475 0.5984375
9 0.46875 0.61875 0.5203125 0.61875 0.5203125 0.646875 0.46875 0.646875
9 0.5140625 0.64375 0.5375 0.64375 0.5375 0.66875 0.5140625 0.66875
9 0.421875 0.6984375 0.471875 0.6984375 0.471875 0.7203125 0.421875 0.7203125
9 0.38125 0.39375 0.5015625 0.39375 0.5015625 0.409375 0.38125 0.409375
9 0.38125 0.45 0.440625 0.45 0.440625 0.503125 0.38125 0.503125
9 0.553125 0.5203125 0.59375 0.5203125 0.59375 0.5625 0.553125 0.5625
9 0.3921875 0.646875 0.4125 0.646875 0.4125 0.659375 0.3921875 0.659375
0 0.49375 0.653125 0.509375 0.653125 0.509375 0.66875 0.49375 0.66875
0 0.56875 0.6546875 0.5796875 0.6546875 0.5796875 0.6703125 0.56875 0.6703125
0 0.521875 0.690625 0.5421875 0.690625 0.5421875 0.71875 0.521875 0.71875
0 0.53125 0.7359375 0.534375 0.7359375 0.534375 0.74375 0.53125 0.74375
0 0.3375 0.765625 0.3546875 0.765625 0.3546875 0.775 0.3375 0.775
0 0.284375 0.7265625 0.3 0.7265625 0.3 0.740625 0.284375 0.740625
4 0.534375 0.6015625 0.5859375 0.6015625 0.5859375 0.646875 0.534375 0.646875