9 0.48125 0.50625 0.553125 0.50625 0.553125 0.5359375 0.48125 0.5359375
9 0.5625 0.4625 0.609375 0.4625 0.609375 0.4921875 0.5625 0.4921875
9 0.340625 0.4109375 0.41875 0.4109375 0.41875 0.46875 0.340625 0.46875
9 0.4875 0.5625 0.559375 0.5625 0.559375 0.5921875 0.4875 0.5921875
9 0.55625 0.5796875 0.60625 0.5796875 0.60625 0.6328125 0.55625 0.6328125
9 0.4375 0.646875 0.5015625 0.646875 0.5015625 0.671875 0.4375 0.671875
9 0.4484375 0.4109375 0.4828125 0.4109375 0.4828125 0.4375 0.4484375 0.4375
4 0.5375 0.5171875 0.5921875 0.5171875 0.5921875 0.5703125 0.5375 0.5703125
0 0.5046875 0.5984375 0.5265625 0.5984375 0.5265625 0.6125 0.5046875 0.6125
0 0.6125 0.5796875 0.63125 0.5796875 0.63125 0.5984375 0.6125 0.5984375
0 0.646875 0.5203125 0.6578125 0.5203125 0.6578125 0.5328125 0.646875 0.5328125
0 0.596875 0.5640625 0.6171875 0.5640625 0.6171875 0.5734375 0.596875 0.5734375
0 0.5484375 0.6265625 0.5578125 0.6265625 0.5578125 0.6375 0.5484375 0.6375
0 0.559375 0.63125 0.5875 0.63125 0.5875 0.65625 0.559375 0.65625
0 0.5921875 0.6671875 0.609375 0.6671875 0.609375 0.6828125 0.5921875 0.6828125
0 0.6078125 0.6609375 0.6234375 0.6609375 0.6234375 0.675 0.6078125 0.675
0 0.628125 0.6421875 0.640625 0.6421875 0.640625 0.6609375 0.628125 0.6609375
0 0.5953125 0.5078125 0.60625 0.5078125 0.60625 0.5171875 0.5953125 0.5171875