0 0.5125 0.446875 0.534375 0.446875 0.534375 0.4625 0.5125 0.4625
0 0.540625 0.4859375 0.5546875 0.4859375 0.5546875 0.4921875 0.540625 0.4921875
0 0.5296875 0.475 0.55 0.475 0.55 0.484375 0.5296875 0.484375
0 0.5625 0.45625 0.5703125 0.45625 0.5703125 0.4609375 0.5625 0.4609375
0 0.6109375 0.4484375 0.6296875 0.4484375 0.6296875 0.4609375 0.6109375 0.4609375
0 0.6640625 0.546875 0.678125 0.546875 0.678125 0.559375 0.6640625 0.559375
0 0.634375 0.60625 0.65 0.60625 0.65 0.615625 0.634375 0.615625
0 0.509375 0.6203125 0.525 0.6203125 0.525 0.6265625 0.509375 0.6265625
0 0.603125 0.6890625 0.6421875 0.6890625 0.6421875 0.7109375 0.603125 0.7109375
0 0.6453125 0.6234375 0.6625 0.6234375 0.6625 0.6484375 0.6453125 0.6484375
0 0.65 0.571875 0.6875 0.571875 0.6875 0.5875 0.65 0.5875
0 0.4078125 0.5515625 0.421875 0.5515625 0.421875 0.5640625 0.4078125 0.5640625
0 0.3671875 0.5890625 0.3828125 0.5890625 0.3828125 0.5984375 0.3671875 0.5984375
0 0.38125 0.60625 0.4 0.60625 0.4 0.6234375 0.38125 0.6234375
3 0.446875 0.6796875 0.4609375 0.6796875 0.4609375 0.6921875 0.446875 0.6921875
0 0.6546875 0.6 0.6796875 0.6 0.6796875 0.6203125 0.6546875 0.6203125
0 0.6921875 0.5546875 0.7078125 0.5546875 0.7078125 0.565625 0.6921875 0.565625
0 0.6546875 0.5859375 0.6859375 0.5859375 0.6859375 0.5984375 0.6546875 0.5984375
0 0.4828125 0.4734375 0.5015625 0.4734375 0.5015625 0.484375 0.4828125 0.484375
0 0.44375 0.45 0.4625 0.45 0.4625 0.4640625 0.44375 0.4640625
0 0.4015625 0.453125 0.4203125 0.453125 0.4203125 0.465625 0.4015625 0.465625
0 0.365625 0.475 0.3796875 0.475 0.3796875 0.484375 0.365625 0.484375