0 0.5859375 0.6609375 0.6109375 0.6609375 0.6109375 0.675 0.5859375 0.675
0 0.61875 0.6875 0.6421875 0.6875 0.6421875 0.7046875 0.61875 0.7046875
0 0.6109375 0.7109375 0.6328125 0.7109375 0.6328125 0.7234375 0.6109375 0.7234375
0 0.6546875 0.6515625 0.6765625 0.6515625 0.6765625 0.66875 0.6546875 0.66875
0 0.6484375 0.6234375 0.678125 0.6234375 0.678125 0.6421875 0.6484375 0.6421875
0 0.640625 0.603125 0.671875 0.603125 0.671875 0.621875 0.640625 0.621875
0 0.6234375 0.5578125 0.6546875 0.5578125 0.6546875 0.5765625 0.6234375 0.5765625
0 0.69375 0.565625 0.721875 0.565625 0.721875 0.5828125 0.69375 0.5828125
0 0.6171875 0.7796875 0.64375 0.7796875 0.64375 0.796875 0.6171875 0.796875
0 0.5953125 0.7921875 0.621875 0.7921875 0.621875 0.8046875 0.5953125 0.8046875
0 0.5671875 0.8046875 0.5953125 0.8046875 0.5953125 0.821875 0.5671875 0.821875
0 0.346875 0.434375 0.4046875 0.434375 0.4046875 0.4609375 0.346875 0.4609375
0 0.7546875 0.471875 0.7921875 0.471875 0.7921875 0.5078125 0.7546875 0.5078125
0 0.6125 0.4515625 0.6578125 0.4515625 0.6578125 0.475 0.6125 0.475
0 0.4625 0.4109375 0.4953125 0.4109375 0.4953125 0.4296875 0.4625 0.4296875
0 0.3453125 0.484375 0.375 0.484375 0.375 0.4984375 0.3453125 0.4984375
0 0.3859375 0.4828125 0.4109375 0.4828125 0.4109375 0.4953125 0.3859375 0.4953125
0 0.4109375 0.425 0.4359375 0.425 0.4359375 0.440625 0.4109375 0.440625
4 0.50625 0.58125 0.5921875 0.58125 0.5921875 0.6515625 0.50625 0.6515625
0 0.6015625 0.6 0.634375 0.6 0.634375 0.653125 0.6015625 0.653125
0 0.4 0.684375 0.4125 0.684375 0.4125 0.690625 0.4 0.690625