0 0.4546875 0.5515625 0.490625 0.5515625 0.490625 0.584375 0.4546875 0.584375
0 0.4828125 0.590625 0.5203125 0.590625 0.5203125 0.6140625 0.4828125 0.6140625
0 0.528125 0.6109375 0.5609375 0.6109375 0.5609375 0.6359375 0.528125 0.6359375
0 0.534375 0.3828125 0.55625 0.3828125 0.55625 0.3984375 0.534375 0.3984375
0 0.79375 0.3734375 0.821875 0.3734375 0.821875 0.3953125 0.79375 0.3953125
0 0.7625 0.6234375 0.778125 0.6234375 0.778125 0.634375 0.7625 0.634375
0 0.8171875 0.434375 0.8328125 0.434375 0.8328125 0.446875 0.8171875 0.446875
0 0.7734375 0.45 0.8015625 0.45 0.8015625 0.4625 0.7734375 0.4625
0 0.7515625 0.4484375 0.76875 0.4484375 0.76875 0.4625 0.7515625 0.4625
0 0.7828125 0.41875 0.8 0.41875 0.8 0.4359375 0.7828125 0.4359375
0 0.8328125 0.390625 0.85 0.390625 0.85 0.4046875 0.8328125 0.4046875
0 0.6046875 0.36875 0.625 0.36875 0.625 0.3796875 0.6046875 0.3796875
0 0.4 0.5 0.4125 0.5 0.4125 0.5109375 0.4 0.5109375
0 0.6015625 0.74375 0.6234375 0.74375 0.6234375 0.7625 0.6015625 0.7625
0 0.625 0.7375 0.6734375 0.7375 0.6734375 0.7625 0.625 0.7625
4 0.515625 0.53125 0.6625 0.53125 0.6625 0.6234375 0.515625 0.6234375
4 0.43125 0.3984375 0.490625 0.3984375 0.490625 0.4265625 0.43125 0.4265625
4 0.4921875 0.3828125 0.53125 0.3828125 0.53125 0.40625 0.4921875 0.40625
4 0.41875 0.503125 0.453125 0.503125 0.453125 0.521875 0.41875 0.521875
0 0.5765625 0.734375 0.5984375 0.734375 0.5984375 0.75625 0.5765625 0.75625