0 0.3109375 0.6578125 0.334375 0.6578125 0.334375 0.6796875 0.3109375 0.6796875
0 0.325 0.7203125 0.3515625 0.7203125 0.3515625 0.7328125 0.325 0.7328125
0 0.3046875 0.7015625 0.325 0.7015625 0.325 0.7171875 0.3046875 0.7171875
0 0.3984375 0.6515625 0.41875 0.6515625 0.41875 0.665625 0.3984375 0.665625
0 0.640625 0.821875 0.6578125 0.821875 0.6578125 0.83125 0.640625 0.83125
0 0.6328125 0.8421875 0.65625 0.8421875 0.65625 0.8703125 0.6328125 0.8703125
0 0.4546875 0.8515625 0.475 0.8515625 0.475 0.8625 0.4546875 0.8625
0 0.45 0.86875 0.4765625 0.86875 0.4765625 0.884375 0.45 0.884375
0 0.6734375 0.3265625 0.68125 0.3265625 0.68125 0.340625 0.6734375 0.340625
0 0.6875 0.3546875 0.70625 0.3546875 0.70625 0.365625 0.6875 0.365625
0 0.4296875 0.3890625 0.4421875 0.3890625 0.4421875 0.3984375 0.4296875 0.3984375
0 0.4390625 0.359375 0.471875 0.359375 0.471875 0.3703125 0.4390625 0.3703125
0 0.4296875 0.3421875 0.4484375 0.3421875 0.4484375 0.353125 0.4296875 0.353125
4 0.6546875 0.5921875 0.7703125 0.5921875 0.7703125 0.6875 0.6546875 0.6875
4 0.325 0.6 0.4375 0.6 0.4375 0.671875 0.325 0.671875
0 0.5671875 0.396875 0.596875 0.396875 0.596875 0.4140625 0.5671875 0.4140625
0 0.671875 0.3765625 0.6921875 0.3765625 0.6921875 0.3890625 0.671875 0.3890625
0 0.7015625 0.403125 0.715625 0.403125 0.715625 0.4125 0.7015625 0.4125
0 0.478125 0.3921875 0.4953125 0.3921875 0.4953125 0.4046875 0.478125 0.4046875
0 0.4796875 0.3453125 0.4953125 0.3453125 0.4953125 0.35625 0.4796875 0.35625
0 0.6015625 0.31875 0.61875 0.31875 0.61875 0.3359375 0.6015625 0.3359375
0 0.521875 0.3234375 0.5625 0.3234375 0.5625 0.3421875 0.521875 0.3421875
0 0.5328125 0.3484375 0.5703125 0.3484375 0.5703125 0.36875 0.5328125 0.36875
5 0.621875 0.54375 0.79375 0.54375 0.79375 0.5796875 0.621875 0.5796875
5 0.31875 0.5421875 0.4765625 0.5421875 0.4765625 0.5796875 0.31875 0.5796875