0 0.6203125 0.63125 0.6484375 0.63125 0.6484375 0.6515625 0.6203125 0.6515625
0 0.6015625 0.6671875 0.634375 0.6671875 0.634375 0.684375 0.6015625 0.684375
0 0.5625 0.6765625 0.6046875 0.6765625 0.6046875 0.7109375 0.5625 0.7109375
0 0.36875 0.5296875 0.3890625 0.5296875 0.3890625 0.54375 0.36875 0.54375
0 0.4 0.728125 0.428125 0.728125 0.428125 0.74375 0.4 0.74375
0 0.6140625 0.828125 0.634375 0.828125 0.634375 0.8375 0.6140625 0.8375
0 0.5171875 0.859375 0.540625 0.859375 0.540625 0.8734375 0.5171875 0.8734375
0 0.4875 0.8421875 0.5109375 0.8421875 0.5109375 0.8546875 0.4875 0.8546875
0 0.328125 0.721875 0.3484375 0.721875 0.3484375 0.734375 0.328125 0.734375
0 0.3015625 0.659375 0.325 0.659375 0.325 0.68125 0.3015625 0.68125
0 0.403125 0.434375 0.428125 0.434375 0.428125 0.4515625 0.403125 0.4515625
0 0.4828125 0.3609375 0.509375 0.3609375 0.509375 0.384375 0.4828125 0.384375
0 0.696875 0.346875 0.7109375 0.346875 0.7109375 0.3609375 0.696875 0.3609375
0 0.6671875 0.328125 0.6921875 0.328125 0.6921875 0.34375 0.6671875 0.34375
0 0.6265625 0.3046875 0.6484375 0.3046875 0.6484375 0.3203125 0.6265625 0.3203125
0 0.6421875 0.3328125 0.6625 0.3328125 0.6625 0.3484375 0.6421875 0.3484375
0 0.6453125 0.6859375 0.665625 0.6859375 0.665625 0.7046875 0.6453125 0.7046875
0 0.53125 0.4921875 0.6015625 0.4921875 0.6015625 0.534375 0.53125 0.534375
5 0.615625 0.51875 0.6953125 0.51875 0.6953125 0.540625 0.615625 0.540625
4 0.490625 0.540625 0.6109375 0.540625 0.6109375 0.6390625 0.490625 0.6390625