0 0.3921875 0.5265625 0.5421875 0.5265625 0.5421875 0.6375 0.3921875 0.6375
0 0.578125 0.4125 0.6328125 0.4125 0.6328125 0.4203125 0.578125 0.4203125
0 0.5875 0.446875 0.6171875 0.446875 0.6171875 0.4640625 0.5875 0.4640625
0 0.571875 0.53125 0.61875 0.53125 0.61875 0.5546875 0.571875 0.5546875
0 0.5328125 0.5890625 0.584375 0.5890625 0.584375 0.6171875 0.5328125 0.6171875
0 0.51875 0.6421875 0.5578125 0.6421875 0.5578125 0.665625 0.51875 0.665625
0 0.5875 0.628125 0.6078125 0.628125 0.6078125 0.6515625 0.5875 0.6515625
0 0.540625 0.4609375 0.565625 0.4609375 0.565625 0.4890625 0.540625 0.4890625
0 0.73125 0.5359375 0.75 0.5359375 0.75 0.5515625 0.73125 0.5515625
0 0.065625 0.3421875 0.0859375 0.3421875 0.0859375 0.3703125 0.065625 0.3703125
0 0.290625 0.5453125 0.3953125 0.5453125 0.3953125 0.6296875 0.290625 0.6296875
0 0.2046875 0.575 0.265625 0.575 0.265625 0.6859375 0.2046875 0.6859375
0 0.1578125 0.6609375 0.2203125 0.6609375 0.2203125 0.69375 0.1578125 0.69375