9 0.5152133413326965 0.14691643718402347 0.515177672481741 0.14454231101927553 0.5511606703114467 0.14400169312270011 0.551196341026639 0.14637581739065786
9 0.5667880327627017 0.14581223570519714 0.5668643568801599 0.1479238476497649 0.5512726639796028 0.14848740183237463 0.5511963406249833 0.14637579062494804
9 0.514394945111917 0.1444988492468126 0.5152818793193319 0.14705231923517345 0.4934766091898837 0.15462620614804992 0.4925896765624884 0.15207273749997535
9 0.4835209937499485 0.15086206875002534 0.4837102059798326 0.1498529456729189 0.49269018550955934 0.1515366938932274 0.4925009735200092 0.15254581675841208
9 0.5045278626014351 0.18179519809967848 0.5042535423089021 0.18030168487282577 0.5289891095899293 0.17575842906411338 0.529263430665992 0.17725194126439836
9 0.5972256307686621 0.20377400721807812 0.5975385443432515 0.20497431805410427 0.5809561831354131 0.2092971758148075 0.580643270312521 0.2080968656250239
9 0.5659160220660624 0.20935959908101973 0.5658608805408676 0.21097710173524126 0.5411762791100045 0.2101355904706345 0.5412314218654046 0.2085180890870622
9 0.48821252656250635 0.23003166718754095 0.4863424349359775 0.22513513217172326 0.5393176777552071 0.2049029995803528 0.5411877732896073 0.20979952555520356
9 0.5286938694362107 0.23531999854641905 0.5286366348796037 0.23379372942778887 0.5626518874310023 0.23251817230660132 0.5627091237688546 0.23404443956774165
9 0.6216279493817183 0.22563330497061465 0.6223008935478447 0.22826384132429314 0.5844754258934017 0.23794017335355327 0.58380248593744 0.23530964062497367
9 0.5870907530626255 0.27835025590737794 0.5847812396937115 0.27847813762027096 0.5826658623439016 0.24027566433219993 0.5849753687499515 0.24014778281250074
9 0.5874677453125514 0.2806122453124946 0.5887711484439251 0.2804674264629652 0.5912295530727079 0.30259307268760266 0.5899261499650947 0.3027378913937119
9 0.5682617808575969 0.25070372910009237 0.5703073058488144 0.2508846215380866 0.5656940543009341 0.303049932347937 0.5636485293628084 0.3028690403098051
9 0.5245719666971809 0.2515833906249501 0.5246075952039746 0.25064383090731773 0.5477720156990245 0.2515235139248352 0.5477363351902795 0.2524630728041312
9 0.4899718500000745 0.25862068906255303 0.4895496026283581 0.2565446591444828 0.5241496581506908 0.24950740864624585 0.5245719076134492 0.251583435739102
9 0.47437053124156137 0.2619476732540056 0.4730138515536737 0.25903774119009226 0.505621981699278 0.24383533843293656 0.5069786623464552 0.24674526642770878
9 0.4616022971899838 0.6429453808013018 0.44924822020755073 0.6452477127606715 0.425435269848208 0.5174829622512229 0.4377890734374432 0.5151806562500009
9 0.423135045312506 0.5172413796874951 0.4192235988851962 0.5152063078852872 0.433877668570517 0.4870431169418315 0.4377890993938536 0.48907818381722795
9 0.4252106099014554 0.5878964751338385 0.4169301384706614 0.5876268117913303 0.4203499766324512 0.48262634053186076 0.4286303062499428 0.48289600156249846
9 0.4487162824824509 0.4478348120214473 0.44593006260993207 0.44466179416395557 0.4734123540260953 0.42053104642865713 0.476198568476093 0.4237040566009255
9 0.42444256718749784 0.4634820671875266 0.41994652095741003 0.4598426179184401 0.44929542381873944 0.4235882258911805 0.4537914522312576 0.4272276637854076
9 0.417530654687539 0.47039397968751206 0.4034678933642226 0.4591243878203975 0.46132346310821504 0.38693353934627106 0.47538611362404026 0.3982030617972935
9 0.40834845781250806 0.4345246390624975 0.40514523219394505 0.42867369307826325 0.44132453251233983 0.40886760134716615 0.4445277592635648 0.41471853197571124
9 0.4057040425099103 0.4167594590407925 0.40403524554631076 0.41094032303880007 0.43893432037145885 0.4009325363096098 0.44060312516000977 0.40675165914251493
9 0.4495324058541428 0.37135269901590745 0.44107087518636945 0.37964470548756307 0.4068672651318366 0.3447431900267506 0.4153287718750107 0.3364512062499823
9 0.45209180509300495 0.38321921738534526 0.44891382318826345 0.391848560129792 0.4100566871567253 0.3775389952363329 0.4132346781250362 0.3689096734374654
9 0.46442369310238973 0.3881051963507382 0.4626626073395528 0.4062447221965737 0.39076525380460225 0.3992646751334244 0.3925264093750229 0.38112522812499766
9 0.4413886696765985 0.3905485557233 0.4367029692490405 0.3992435969045304 0.3988175962472269 0.3788283019304154 0.4035032984374993 0.3701332828125132
9 0.4332450529174139 0.3807761285113384 0.4275040078479151 0.38422287463340055 0.39167161828845565 0.32454124708365867 0.3974126296875511 0.32109451406249173
9 0.474136345312445 0.17909266406247223 0.4729326276615211 0.1763458800013757 0.5095364009730474 0.16030521189917815 0.5107401194609338 0.16305199308668733
9 0.47413633670282707 0.17909264986976653 0.47476719703820436 0.18013260094082342 0.4523393938213758 0.19373771904656406 0.45170853437502956 0.19269776874998357