0 0.48125 0.825 0.5015625 0.825 0.5015625 0.834375 0.48125 0.834375
0 0.340625 0.6546875 0.3546875 0.6546875 0.3546875 0.6796875 0.340625 0.6796875
0 0.35625 0.696875 0.3609375 0.696875 0.3609375 0.7109375 0.35625 0.7109375
0 0.3109375 0.734375 0.3359375 0.734375 0.3359375 0.7484375 0.3109375 0.7484375
0 0.29375 0.625 0.3109375 0.625 0.3109375 0.6453125 0.29375 0.6453125
0 0.6953125 0.54375 0.7171875 0.54375 0.7171875 0.5625 0.6953125 0.5625
0 0.503125 0.365625 0.5171875 0.365625 0.5171875 0.378125 0.503125 0.378125
0 0.5625 0.415625 0.584375 0.415625 0.584375 0.4265625 0.5625 0.4265625
0 0.45625 0.4203125 0.4765625 0.4203125 0.4765625 0.4359375 0.45625 0.4359375
0 0.421875 0.41875 0.4484375 0.41875 0.4484375 0.43125 0.421875 0.43125
0 0.3953125 0.428125 0.4203125 0.428125 0.4203125 0.434375 0.3953125 0.434375
0 0.4671875 0.346875 0.5265625 0.346875 0.5265625 0.3671875 0.4671875 0.3671875
0 0.4375 0.3484375 0.4484375 0.3484375 0.4484375 0.3671875 0.4375 0.3671875
0 0.38125 0.3234375 0.43125 0.3234375 0.43125 0.34375 0.38125 0.34375
0 0.49375 0.2890625 0.509375 0.2890625 0.509375 0.290625 0.49375 0.290625
0 0.4578125 0.3296875 0.5140625 0.3296875 0.5140625 0.35 0.4578125 0.35
0 0.6015625 0.3265625 0.625 0.3265625 0.625 0.3484375 0.6015625 0.3484375
0 0.5640625 0.31875 0.5890625 0.31875 0.5890625 0.340625 0.5640625 0.340625
5 0.25625 0.503125 0.4046875 0.503125 0.4046875 0.5453125 0.25625 0.5453125
5 0.55625 0.5046875 0.70625 0.5046875 0.70625 0.54375 0.55625 0.54375
4 0.278125 0.559375 0.38125 0.559375 0.38125 0.625 0.278125 0.625
0 0.44375 0.3 0.459375 0.3 0.459375 0.3140625 0.44375 0.3140625
0 0.3140625 0.3375 0.3265625 0.3375 0.3265625 0.353125 0.3140625 0.353125
0 0.3203125 0.365625 0.33125 0.365625 0.33125 0.375 0.3203125 0.375
0 0.3734375 0.30625 0.39375 0.30625 0.39375 0.3171875 0.3734375 0.3171875
0 0.54375 0.3625 0.5578125 0.3625 0.5578125 0.375 0.54375 0.375
0 0.5875 0.3515625 0.596875 0.3515625 0.596875 0.36875 0.5875 0.36875
0 0.640625 0.353125 0.6625 0.353125 0.6625 0.36875 0.640625 0.36875
0 0.5203125 0.3015625 0.5484375 0.3015625 0.5484375 0.309375 0.5203125 0.309375
0 0.2859375 0.696875 0.3171875 0.696875 0.3171875 0.709375 0.2859375 0.709375
0 0.31875 0.6609375 0.3328125 0.6609375 0.3328125 0.675 0.31875 0.675
0 0.696875 0.6296875 0.7125 0.6296875 0.7125 0.64375 0.696875 0.64375
0 0.684375 0.5859375 0.703125 0.5859375 0.703125 0.6 0.684375 0.6
4 0.59375 0.55 0.6421875 0.55 0.6421875 0.6375 0.59375 0.6375