0 0.16875 0.6859375 0.2 0.6859375 0.2 0.709375 0.16875 0.709375
0 0.2578125 0.65625 0.2796875 0.65625 0.2796875 0.6875 0.2578125 0.6875
0 0.2734375 0.6984375 0.3046875 0.6984375 0.3046875 0.7171875 0.2734375 0.7171875
0 0.296875 0.73125 0.3078125 0.73125 0.3078125 0.7390625 0.296875 0.7390625
0 0.3796875 0.6015625 0.409375 0.6015625 0.409375 0.621875 0.3796875 0.621875
0 0.446875 0.615625 0.4796875 0.615625 0.4796875 0.6328125 0.446875 0.6328125
0 0.321875 0.521875 0.353125 0.521875 0.353125 0.5484375 0.321875 0.5484375
0 0.259375 0.5234375 0.2953125 0.5234375 0.2953125 0.546875 0.259375 0.546875
0 0.225 0.5375 0.271875 0.5375 0.271875 0.5546875 0.225 0.5546875
0 0.321875 0.5859375 0.365625 0.5859375 0.365625 0.6125 0.321875 0.6125
0 0.378125 0.5546875 0.4703125 0.5546875 0.4703125 0.5921875 0.378125 0.5921875
0 0.403125 0.534375 0.44375 0.534375 0.44375 0.559375 0.403125 0.559375
0 0.4578125 0.5796875 0.5046875 0.5796875 0.5046875 0.603125 0.4578125 0.603125
0 0.484375 0.4765625 0.525 0.4765625 0.525 0.5125 0.484375 0.5125
0 0.3609375 0.5046875 0.4078125 0.5046875 0.4078125 0.5625 0.3609375 0.5625
0 0.3296875 0.675 0.4015625 0.675 0.4015625 0.715625 0.3296875 0.715625
0 0.384375 0.6453125 0.4921875 0.6453125 0.4921875 0.6828125 0.384375 0.6828125
0 0.2609375 0.6125 0.34375 0.6125 0.34375 0.671875 0.2609375 0.671875
0 0.328125 0.384375 0.3859375 0.384375 0.3859375 0.4125 0.328125 0.4125
0 0.565625 0.634375 0.584375 0.634375 0.584375 0.65625 0.565625 0.65625
0 0.5046875 0.64375 0.5484375 0.64375 0.5484375 0.703125 0.5046875 0.703125
5 0.1578125 0.459375 0.2125 0.459375 0.2125 0.4875 0.1578125 0.4875
5 0.175 0.440625 0.2875 0.440625 0.2875 0.465625 0.175 0.465625
0 0.203125 0.7421875 0.225 0.7421875 0.225 0.7515625 0.203125 0.7515625
0 0.4953125 0.83125 0.515625 0.83125 0.515625 0.846875 0.4953125 0.846875
0 0.25 0.7609375 0.2703125 0.7609375 0.2703125 0.7703125 0.25 0.7703125
0 0.2203125 0.6828125 0.2328125 0.6828125 0.2328125 0.6953125 0.2203125 0.6953125
0 0.2046875 0.7171875 0.2171875 0.7171875 0.2171875 0.7265625 0.2046875 0.7265625
0 0.1296875 0.75 0.134375 0.75 0.134375 0.7625 0.1296875 0.7625
0 0.2984375 0.5625 0.321875 0.5625 0.321875 0.5828125 0.2984375 0.5828125
0 0.5359375 0.628125 0.559375 0.628125 0.559375 0.6421875 0.5359375 0.6421875
0 0.30625 0.5421875 0.3140625 0.5421875 0.3140625 0.5578125 0.30625 0.5578125
0 0.453125 0.540625 0.48125 0.540625 0.48125 0.55625 0.453125 0.55625