0 0.759375 0.5 0.78125 0.5 0.78125 0.5171875 0.759375 0.5171875
0 0.790625 0.54375 0.8203125 0.54375 0.8203125 0.5625 0.790625 0.5625
0 0.6828125 0.596875 0.7015625 0.596875 0.7015625 0.6203125 0.6828125 0.6203125
0 0.6328125 0.6 0.66875 0.6 0.66875 0.625 0.6328125 0.625
0 0.6328125 0.5234375 0.665625 0.5234375 0.665625 0.5546875 0.6328125 0.5546875
0 0.5953125 0.4734375 0.625 0.4734375 0.625 0.515625 0.5953125 0.515625
0 0.51875 0.425 0.540625 0.425 0.540625 0.4453125 0.51875 0.4453125
0 0.540625 0.4859375 0.5734375 0.4859375 0.5734375 0.5171875 0.540625 0.5171875
0 0.53125 0.45625 0.5640625 0.45625 0.5640625 0.475 0.53125 0.475
0 0.6296875 0.4375 0.6578125 0.4375 0.6578125 0.4625 0.6296875 0.4625
0 0.6984375 0.4375 0.7515625 0.4375 0.7515625 0.475 0.6984375 0.475
0 0.828125 0.4359375 0.840625 0.4359375 0.840625 0.45625 0.828125 0.45625
0 0.4984375 0.2359375 0.53125 0.2359375 0.53125 0.25625 0.4984375 0.25625
0 0.50625 0.2609375 0.553125 0.2609375 0.553125 0.28125 0.50625 0.28125
0 0.4390625 0.3359375 0.459375 0.3359375 0.459375 0.3625 0.4390625 0.3625
0 0.4421875 0.3921875 0.478125 0.3921875 0.478125 0.4125 0.4421875 0.4125
0 0.453125 0.4203125 0.49375 0.4203125 0.49375 0.4453125 0.453125 0.4453125
0 0.496875 0.54375 0.5296875 0.54375 0.5296875 0.5796875 0.496875 0.5796875
0 0.421875 0.5375 0.50625 0.5375 0.50625 0.584375 0.421875 0.584375
5 0.6203125 0.2828125 0.7859375 0.2828125 0.7859375 0.3328125 0.6203125 0.3328125
0 0.903125 0.6546875 0.9375 0.6546875 0.9375 0.6734375 0.903125 0.6734375
0 0.746875 0.659375 0.7640625 0.659375 0.7640625 0.678125 0.746875 0.678125
0 0.75625 0.7015625 0.76875 0.7015625 0.76875 0.7171875 0.75625 0.7171875
0 0.75625 0.575 0.7828125 0.575 0.7828125 0.5921875 0.75625 0.5921875
0 0.721875 0.603125 0.7703125 0.603125 0.7703125 0.6296875 0.721875 0.6296875
0 0.815625 0.6734375 0.840625 0.6734375 0.840625 0.690625 0.815625 0.690625
0 0.4765625 0.2453125 0.4921875 0.2453125 0.4921875 0.2609375 0.4765625 0.2609375