0 0.3703125 0.6484375 0.4125 0.6484375 0.4125 0.6765625 0.3703125 0.6765625
0 0.4625 0.2640625 0.4953125 0.2640625 0.4953125 0.2921875 0.4625 0.2921875
0 0.5015625 0.3796875 0.5203125 0.3796875 0.5203125 0.4015625 0.5015625 0.4015625
0 0.534375 0.45625 0.5640625 0.45625 0.5640625 0.475 0.534375 0.475
0 0.43125 0.265625 0.4625 0.265625 0.4625 0.3 0.43125 0.3
0 0.5609375 0.8359375 0.578125 0.8359375 0.578125 0.846875 0.5609375 0.846875
0 0.453125 0.2171875 0.48125 0.2171875 0.48125 0.240625 0.453125 0.240625
0 0.565625 0.2375 0.5984375 0.2375 0.5984375 0.25625 0.565625 0.25625
0 0.434375 0.3390625 0.48125 0.3390625 0.48125 0.359375 0.434375 0.359375
0 0.5640625 0.3140625 0.575 0.3140625 0.575 0.3390625 0.5640625 0.3390625
0 0.5078125 0.2640625 0.5375 0.2640625 0.5375 0.275 0.5078125 0.275
0 0.4875 0.4015625 0.5015625 0.4015625 0.5015625 0.4203125 0.4875 0.4203125