0 0.6359375 0.471875 0.665625 0.471875 0.665625 0.4953125 0.6359375 0.4953125
1 0.66875 0.4421875 0.7234375 0.4421875 0.7234375 0.5125 0.66875 0.5125
0 0.6875 0.6734375 0.725 0.6734375 0.725 0.70625 0.6875 0.70625
0 0.5546875 0.5796875 0.578125 0.5796875 0.578125 0.596875 0.5546875 0.596875
0 0.5375 0.6015625 0.5703125 0.6015625 0.5703125 0.640625 0.5375 0.640625
0 0.5796875 0.6171875 0.59375 0.6171875 0.59375 0.634375 0.5796875 0.634375
0 0.4890625 0.5875 0.5109375 0.5875 0.5109375 0.603125 0.4890625 0.603125
0 0.64375 0.5984375 0.6625 0.5984375 0.6625 0.615625 0.64375 0.615625
0 0.5625 0.446875 0.5921875 0.446875 0.5921875 0.46875 0.5625 0.46875
0 0.65 0.359375 0.6625 0.359375 0.6625 0.3765625 0.65 0.3765625
1 0.671875 0.3125 0.740625 0.3125 0.740625 0.390625 0.671875 0.390625
1 0.7125 0.24375 0.8375 0.24375 0.8375 0.2828125 0.7125 0.2828125