9 0.33712530156253706 0.32419816406246543 0.3368689802728113 0.32030826324904976 0.41922125439532465 0.314881752985709 0.4194775901760295 0.318771638147313
9 0.2702525809756935 0.3483376694079434 0.26897678740340325 0.3441038668476845 0.33084663882766563 0.32546088116104377 0.33212244032824856 0.32969466949830467
9 0.2505659953125132 0.37407480312498775 0.24700484160268843 0.3691398984391149 0.28540459165560605 0.3414307416783112 0.28896574088764737 0.34636563335743376
9 0.25008105142683235 0.37378801169934167 0.2524159125338201 0.37516882734252655 0.24090095037081483 0.3946389419430503 0.23856609062499956 0.39325812812499655
9 0.2753657953124957 0.36075305156247167 0.27464615460962705 0.3546304593140053 0.42424505628423503 0.3370469798521895 0.4249647390464588 0.3431695219694212
9 0.49533751955448224 0.3410289796863622 0.49511819672841284 0.34469229540149887 0.41514533952204147 0.33990432850779034 0.41536467656260356 0.3362410281249808
9 0.5081639359375458 0.3484970390624847 0.5076319367303768 0.34124111413960345 0.6820305951545151 0.3284538512175669 0.6825626546899457 0.3357097133571023
9 0.41450614664381646 0.35062850727233186 0.41450614723487433 0.3511613858657136 0.39776481886303827 0.35116139842742794 0.39776481874991987 0.3506285203125397
9 0.4144879665607277 0.3513550115174145 0.4145518027928574 0.3495342663998797 0.4412926791085283 0.35047176221875836 0.4412288455664566 0.3522925047306363
9 0.46816425624967906 0.35222709182448003 0.4681642587158876 0.3532928399197403 0.4412311384244276 0.3532928778117677 0.44123113750015364 0.3522271312500348
9 0.33633082656251645 0.3367371484374497 0.3357294480285873 0.33402868342636227 0.3595637439824486 0.32873676284073894 0.3601651248827693 0.3314452244952404
9 0.28778841665280197 0.36540968350919234 0.2852919524398203 0.3611833179510637 0.3338344192676459 0.3325108912645106 0.3363308830676033 0.33673724409691685
9 0.2620729296875197 0.3766556234375476 0.26084635349866403 0.374239897298918 0.2857391450349951 0.36160119261465584 0.28696572178284896 0.3640169149191104
9 0.24888141562496457 0.3886796296875067 0.24858818059340138 0.3883579359352769 0.26177970405478845 0.37633394004199616 0.2620729388224845 0.3766556334590715
9 0.24336605468749894 0.40284979062498005 0.24251691385211416 0.40251930049423607 0.2480322804159414 0.3883491415076207 0.24888141986536993 0.38867963133787825
9 0.29950497656238895 0.3708831531249707 0.2995756770735625 0.35817793456787667 0.49063462845651884 0.35924025175696644 0.4905640638427258 0.3719453323502577
9 0.25434660937503395 0.4184233484375131 0.24931066015915349 0.4116317035133246 0.30552970277710756 0.36994770957868806 0.3105656407456081 0.37673932553605877
9 0.2577659375000394 0.4316247749999845 0.25100560605721967 0.41615381972320803 0.3510050244103695 0.3724591459938402 0.35776538626851107 0.3879299958599304
9 0.344165245312297 0.3841993359374546 0.3448863180429953 0.3749040134653747 0.4951251141562807 0.3865574425337122 0.49440412927003763 0.3958526830203157
9 0.5875705255637058 0.3476492605506886 0.5885214522818387 0.35310748828714655 0.5066386204924811 0.3673722933184122 0.5056877216612747 0.36191409029979443
9 0.6113631078125081 0.35808870156245187 0.6113356135087997 0.3539980531921293 0.7009451620186837 0.3533955378650155 0.7009726760551303 0.35748616669460725
9 0.5085578317564341 0.38782762177348684 0.5080407798018314 0.38446386468896543 0.6460457754667459 0.36325104093326804 0.6465628493737086 0.36661477183169766
9 0.5946038606883803 0.3870539242758266 0.5943637100284604 0.3827786550699082 0.7016433904644828 0.37675248581129284 0.7018835662206584 0.3810277282439638