0 0.63125 0.6828125 0.659375 0.6828125 0.659375 0.6984375 0.63125 0.6984375
0 0.68125 0.6875 0.6953125 0.6875 0.6953125 0.7078125 0.68125 0.7078125
0 0.478125 0.446875 0.5015625 0.446875 0.5015625 0.459375 0.478125 0.459375
0 0.5796875 0.459375 0.6 0.459375 0.6 0.4734375 0.5796875 0.4734375
0 0.44375 0.415625 0.46875 0.415625 0.46875 0.4328125 0.44375 0.4328125
0 0.625 0.434375 0.6359375 0.434375 0.6359375 0.44375 0.625 0.44375
0 0.6328125 0.4421875 0.6609375 0.4421875 0.6609375 0.453125 0.6328125 0.453125
0 0.509375 0.46875 0.525 0.46875 0.525 0.4796875 0.509375 0.4796875
0 0.546875 0.41875 0.5609375 0.41875 0.5609375 0.43125 0.546875 0.43125
0 0.5640625 0.4046875 0.5859375 0.4046875 0.5859375 0.4234375 0.5640625 0.4234375
0 0.540625 0.384375 0.5546875 0.384375 0.5546875 0.3984375 0.540625 0.3984375
0 0.5296875 0.3875 0.54375 0.3875 0.54375 0.4 0.5296875 0.4
0 0.5203125 0.3921875 0.5296875 0.3921875 0.5296875 0.4046875 0.5203125 0.4046875
0 0.415625 0.3609375 0.4265625 0.3609375 0.4265625 0.3734375 0.415625 0.3734375
0 0.596875 0.35625 0.6203125 0.35625 0.6203125 0.371875 0.596875 0.371875
0 0.59375 0.3890625 0.6125 0.3890625 0.6125 0.4 0.59375 0.4