1 0.5921875 0.596875 0.6015625 0.596875 0.6015625 0.6125 0.5921875 0.6125
1 0.64375 0.5984375 0.65625 0.5984375 0.65625 0.6125 0.64375 0.6125
1 0.6484375 0.61875 0.6609375 0.61875 0.6609375 0.6265625 0.6484375 0.6265625
1 0.284375 0.5625 0.2984375 0.5625 0.2984375 0.578125 0.284375 0.578125
1 0.296875 0.584375 0.30625 0.584375 0.30625 0.5953125 0.296875 0.5953125
1 0.3203125 0.5734375 0.3421875 0.5734375 0.3421875 0.5859375 0.3203125 0.5859375
1 0.6203125 0.6 0.628125 0.6 0.628125 0.61875 0.6203125 0.61875
0 0.365625 0.3609375 0.378125 0.3609375 0.378125 0.375 0.365625 0.375
1 0.3734375 0.628125 0.3859375 0.628125 0.3859375 0.6421875 0.3734375 0.6421875
1 0.3171875 0.615625 0.328125 0.615625 0.328125 0.6265625 0.3171875 0.6265625
1 0.29375 0.6046875 0.3109375 0.6046875 0.3109375 0.6125 0.29375 0.6125
1 0.278125 0.590625 0.2875 0.590625 0.2875 0.596875 0.278125 0.596875
1 0.5859375 0.571875 0.5953125 0.571875 0.5953125 0.5828125 0.5859375 0.5828125
0 0.5078125 0.4265625 0.5203125 0.4265625 0.5203125 0.4453125 0.5078125 0.4453125
1 0.5625 0.621875 0.590625 0.621875 0.590625 0.6390625 0.5625 0.6390625
1 0.3765625 0.5953125 0.39375 0.5953125 0.39375 0.6046875 0.3765625 0.6046875
1 0.465625 0.515625 0.4765625 0.515625 0.4765625 0.528125 0.465625 0.528125
1 0.4609375 0.5828125 0.478125 0.5828125 0.478125 0.59375 0.4609375 0.59375
1 0.5484375 0.590625 0.5578125 0.590625 0.5578125 0.6015625 0.5484375 0.6015625
1 0.4375 0.559375 0.45625 0.559375 0.45625 0.565625 0.4375 0.565625
1 0.2734375 0.571875 0.2859375 0.571875 0.2859375 0.5828125 0.2734375 0.5828125
1 0.3046875 0.5375 0.3109375 0.5375 0.3109375 0.5484375 0.3046875 0.5484375
1 0.3203125 0.5640625 0.3359375 0.5640625 0.3359375 0.571875 0.3203125 0.571875
1 0.4125 0.575 0.425 0.575 0.425 0.5875 0.4125 0.5875