0 0.6671875 0.403125 0.690625 0.403125 0.690625 0.4296875 0.6671875 0.4296875
4 0.4796875 0.5671875 0.5625 0.5671875 0.5625 0.6921875 0.4796875 0.6921875
4 0.6140625 0.60625 0.746875 0.60625 0.746875 0.7078125 0.6140625 0.7078125
4 0.365625 0.6296875 0.4265625 0.6296875 0.4265625 0.7171875 0.365625 0.7171875
4 0.571875 0.6421875 0.6015625 0.6421875 0.6015625 0.696875 0.571875 0.696875
0 0.6484375 0.83125 0.68125 0.83125 0.68125 0.85625 0.6484375 0.85625
4 0.4484375 0.41875 0.5609375 0.41875 0.5609375 0.4890625 0.4484375 0.4890625
4 0.396875 0.4203125 0.44375 0.4203125 0.44375 0.4671875 0.396875 0.4671875
4 0.553125 0.425 0.6046875 0.425 0.6046875 0.46875 0.553125 0.46875
4 0.4015625 0.384375 0.5328125 0.384375 0.5328125 0.4203125 0.4015625 0.4203125
4 0.5359375 0.39375 0.6203125 0.39375 0.6203125 0.421875 0.5359375 0.421875