0 0.3390625 0.3875 0.3546875 0.3875 0.3546875 0.3984375 0.3390625 0.3984375
0 0.2453125 0.44375 0.259375 0.44375 0.259375 0.459375 0.2453125 0.459375
0 0.4078125 0.4953125 0.434375 0.4953125 0.434375 0.509375 0.4078125 0.509375
0 0.40625 0.53125 0.4203125 0.53125 0.4203125 0.5453125 0.40625 0.5453125
0 0.3265625 0.509375 0.3484375 0.509375 0.3484375 0.525 0.3265625 0.525
0 0.69375 0.44375 0.7109375 0.44375 0.7109375 0.4625 0.69375 0.4625
0 0.675 0.4609375 0.6890625 0.4609375 0.6890625 0.4875 0.675 0.4875
0 0.65 0.4796875 0.665625 0.4796875 0.665625 0.490625 0.65 0.490625
0 0.4515625 0.58125 0.475 0.58125 0.475 0.6046875 0.4515625 0.6046875
0 0.6203125 0.7421875 0.6546875 0.7421875 0.6546875 0.765625 0.6203125 0.765625
0 0.36875 0.9546875 0.390625 0.9546875 0.390625 0.9734375 0.36875 0.9734375