0 0.6078125 0.54375 0.6234375 0.54375 0.6234375 0.55625 0.6078125 0.55625
0 0.5515625 0.696875 0.571875 0.696875 0.571875 0.71875 0.5515625 0.71875
4 0.5765625 0.6890625 0.5984375 0.6890625 0.5984375 0.7359375 0.5765625 0.7359375
0 0.6375 0.840625 0.653125 0.840625 0.653125 0.8578125 0.6375 0.8578125
0 0.49375 0.70625 0.5125 0.70625 0.5125 0.7265625 0.49375 0.7265625
0 0.503125 0.746875 0.5171875 0.746875 0.5171875 0.7609375 0.503125 0.7609375
0 0.4734375 0.775 0.5046875 0.775 0.5046875 0.8015625 0.4734375 0.8015625
0 0.3703125 0.65 0.38125 0.65 0.38125 0.6625 0.3703125 0.6625
0 0.3015625 0.8421875 0.3265625 0.8421875 0.3265625 0.859375 0.3015625 0.859375
0 0.4796875 0.8890625 0.4953125 0.8890625 0.4953125 0.8984375 0.4796875 0.8984375
0 0.5796875 0.8078125 0.5953125 0.8078125 0.5953125 0.8140625 0.5796875 0.8140625
0 0.5890625 0.75625 0.6015625 0.75625 0.6015625 0.7703125 0.5890625 0.7703125
0 0.5453125 0.8609375 0.5578125 0.8609375 0.5578125 0.871875 0.5453125 0.871875
0 0.3640625 0.9046875 0.3796875 0.9046875 0.3796875 0.915625 0.3640625 0.915625
0 0.371875 0.496875 0.3890625 0.496875 0.3890625 0.509375 0.371875 0.509375
0 0.5796875 0.509375 0.5984375 0.509375 0.5984375 0.5265625 0.5796875 0.5265625