0 0.59375 0.75 0.6203125 0.75 0.6203125 0.765625 0.59375 0.765625
0 0.5671875 0.78125 0.5859375 0.78125 0.5859375 0.79375 0.5671875 0.79375
0 0.5875 0.7703125 0.603125 0.7703125 0.603125 0.7796875 0.5875 0.7796875
0 0.628125 0.778125 0.6515625 0.778125 0.6515625 0.7890625 0.628125 0.7890625
4 0.5859375 0.7515625 0.6453125 0.7515625 0.6453125 0.784375 0.5859375 0.784375
0 0.61875 0.93125 0.640625 0.93125 0.640625 0.946875 0.61875 0.946875
0 0.6421875 0.9484375 0.665625 0.9484375 0.665625 0.959375 0.6421875 0.959375
0 0.58125 0.5546875 0.6 0.5546875 0.6 0.5671875 0.58125 0.5671875
0 0.6015625 0.5546875 0.6234375 0.5546875 0.6234375 0.571875 0.6015625 0.571875
0 0.575 0.571875 0.59375 0.571875 0.59375 0.6015625 0.575 0.6015625
0 0.70625 0.6234375 0.725 0.6234375 0.725 0.6359375 0.70625 0.6359375
0 0.7484375 0.659375 0.7609375 0.659375 0.7609375 0.671875 0.7484375 0.671875
0 0.7546875 0.6125 0.7703125 0.6125 0.7703125 0.628125 0.7546875 0.628125
0 0.7578125 0.6421875 0.771875 0.6421875 0.771875 0.65625 0.7578125 0.65625
0 0.7734375 0.6296875 0.7921875 0.6296875 0.7921875 0.653125 0.7734375 0.653125
0 0.565625 0.803125 0.5796875 0.803125 0.5796875 0.8140625 0.565625 0.8140625