0 0.69375 0.4828125 0.721875 0.4828125 0.721875 0.496875 0.69375 0.496875
0 0.284375 0.5109375 0.3203125 0.5109375 0.3203125 0.5265625 0.284375 0.5265625
4 0.121875 0.515625 0.2875 0.515625 0.2875 0.603125 0.121875 0.603125
0 0.865625 0.4359375 0.8921875 0.4359375 0.8921875 0.453125 0.865625 0.453125
0 0.753125 0.5046875 0.7828125 0.5046875 0.7828125 0.515625 0.753125 0.515625
0 0.78125 0.575 0.8265625 0.575 0.8265625 0.5953125 0.78125 0.5953125
0 0.8140625 0.4984375 0.88125 0.4984375 0.88125 0.5171875 0.8140625 0.5171875
0 0.8 0.5234375 0.828125 0.5234375 0.828125 0.5390625 0.8 0.5390625
0 0.875 0.48125 0.8921875 0.48125 0.8921875 0.4890625 0.875 0.4890625
0 0.459375 0.303125 0.48125 0.303125 0.48125 0.315625 0.459375 0.315625
0 0.590625 0.2640625 0.615625 0.2640625 0.615625 0.2765625 0.590625 0.2765625
0 0.503125 0.353125 0.5234375 0.353125 0.5234375 0.3640625 0.503125 0.3640625