0 0.7046875 0.2421875 0.765625 0.2421875 0.765625 0.26875 0.7046875 0.26875
0 0.4734375 0.15625 0.5171875 0.15625 0.5171875 0.1765625 0.4734375 0.1765625
0 0.671875 0.14375 0.7046875 0.14375 0.7046875 0.165625 0.671875 0.165625
0 0.846875 0.240625 0.875 0.240625 0.875 0.2625 0.846875 0.2625
0 0.715625 0.3984375 0.75625 0.3984375 0.75625 0.4171875 0.715625 0.4171875
0 0.6140625 0.3265625 0.65625 0.3265625 0.65625 0.3453125 0.6140625 0.3453125
0 0.5296875 0.40625 0.5796875 0.40625 0.5796875 0.4296875 0.5296875 0.4296875
0 0.4875 0.4921875 0.5328125 0.4921875 0.5328125 0.51875 0.4875 0.51875
0 0.6671875 0.5515625 0.7 0.5515625 0.7 0.5734375 0.6671875 0.5734375
0 0.15625 0.2625 0.1828125 0.2625 0.1828125 0.2796875 0.15625 0.2796875
0 0.3125 0.3578125 0.3421875 0.3578125 0.3421875 0.36875 0.3125 0.36875
4 0.425 0.3765625 0.7046875 0.3765625 0.7046875 0.5046875 0.425 0.5046875
0 0.6921875 0.3171875 0.7296875 0.3171875 0.7296875 0.3359375 0.6921875 0.3359375
4 0.6140625 0.4328125 0.8125 0.4328125 0.8125 0.5125 0.6140625 0.5125