9 0.396875 0.334375 0.425 0.334375 0.425 0.390625 0.396875 0.390625
9 0.675 0.4546875 0.709375 0.4546875 0.709375 0.4734375 0.675 0.4734375
9 0.1703125 0.44375 0.2 0.44375 0.2 0.4671875 0.1703125 0.4671875
9 0.1984375 0.51875 0.3234375 0.51875 0.3234375 0.553125 0.1984375 0.553125
9 0.571875 0.596875 0.6375 0.596875 0.6375 0.6703125 0.571875 0.6703125
9 0.2703125 0.6171875 0.3265625 0.6171875 0.3265625 0.6921875 0.2703125 0.6921875
9 0.3671875 0.384375 0.39375 0.384375 0.39375 0.403125 0.3671875 0.403125
9 0.24375 0.359375 0.259375 0.359375 0.259375 0.3921875 0.24375 0.3921875
9 0.2515625 0.2640625 0.346875 0.2640625 0.346875 0.2921875 0.2515625 0.2921875
9 0.221875 0.2921875 0.25625 0.2921875 0.25625 0.31875 0.221875 0.31875
9 0.25 0.2984375 0.3296875 0.2984375 0.3296875 0.31875 0.25 0.31875
9 0.240625 0.23125 0.4 0.23125 0.4 0.26875 0.240625 0.26875
4 0.259375 0.2609375 0.353125 0.2609375 0.353125 0.3625 0.259375 0.3625
4 0.2359375 0.559375 0.29375 0.559375 0.29375 0.6140625 0.2359375 0.6140625