0 0.384375 0.1734375 0.4515625 0.1734375 0.4515625 0.2046875 0.384375 0.2046875
0 0.2765625 0.1625 0.3125 0.1625 0.3125 0.1875 0.2765625 0.1875
0 0.2578125 0.2109375 0.31875 0.2109375 0.31875 0.2375 0.2578125 0.2375
0 0.446875 0.30625 0.50625 0.30625 0.50625 0.340625 0.446875 0.340625
0 0.4625 0.353125 0.503125 0.353125 0.503125 0.375 0.4625 0.375
0 0.4921875 0.271875 0.54375 0.271875 0.54375 0.3046875 0.4921875 0.3046875
0 0.3703125 0.8390625 0.4046875 0.8390625 0.4046875 0.865625 0.3703125 0.865625
0 0.7984375 0.58125 0.83125 0.58125 0.83125 0.609375 0.7984375 0.609375
0 0.8484375 0.546875 0.8671875 0.546875 0.8671875 0.559375 0.8484375 0.559375
0 0.81875 0.5609375 0.8375 0.5609375 0.8375 0.5765625 0.81875 0.5765625
0 0.725 0.5515625 0.7546875 0.5515625 0.7546875 0.5703125 0.725 0.5703125
5 0.10625 0.4234375 0.384375 0.4234375 0.384375 0.4875 0.10625 0.4875
5 0.6 0.43125 0.8515625 0.43125 0.8515625 0.5015625 0.6 0.5015625