9 0.3390625 0.2296875 0.5828125 0.2296875 0.5828125 0.2546875 0.3390625 0.2546875
9 0.4203125 0.1953125 0.6015625 0.1953125 0.6015625 0.2078125 0.4203125 0.2078125
9 0.5171875 0.3 0.546875 0.3 0.546875 0.359375 0.5171875 0.359375
9 0.3546875 0.5625 0.434375 0.5625 0.434375 0.6890625 0.3546875 0.6890625
0 0.4515625 0.4875 0.4796875 0.4875 0.4796875 0.5078125 0.4515625 0.5078125
0 0.3 0.51875 0.328125 0.51875 0.328125 0.5328125 0.3 0.5328125
0 0.2734375 0.5078125 0.3 0.5078125 0.3 0.5234375 0.2734375 0.5234375
0 0.2875 0.5578125 0.309375 0.5578125 0.309375 0.5796875 0.2875 0.5796875
0 0.2171875 0.271875 0.25 0.271875 0.25 0.3015625 0.2171875 0.3015625
0 0.3828125 0.19375 0.4140625 0.19375 0.4140625 0.2078125 0.3828125 0.2078125
0 0.69375 0.25625 0.728125 0.25625 0.728125 0.2765625 0.69375 0.2765625
0 0.3015625 0.4953125 0.3265625 0.4953125 0.3265625 0.5125 0.3015625 0.5125
0 0.796875 0.54375 0.815625 0.54375 0.815625 0.559375 0.796875 0.559375
0 0.4578125 0.6703125 0.48125 0.6703125 0.48125 0.6875 0.4578125 0.6875
0 0.45625 0.703125 0.4796875 0.703125 0.4796875 0.725 0.45625 0.725
0 0.38125 0.640625 0.4265625 0.640625 0.4265625 0.6765625 0.38125 0.6765625