0 0.2390625 0.4765625 0.2703125 0.4765625 0.2703125 0.4875 0.2390625 0.4875
0 0.6125 0.559375 0.65 0.559375 0.65 0.5890625 0.6125 0.5890625
0 0.65 0.46875 0.6734375 0.46875 0.6734375 0.4953125 0.65 0.4953125
0 0.615625 0.4578125 0.646875 0.4578125 0.646875 0.475 0.615625 0.475
0 0.6234375 0.4859375 0.6546875 0.4859375 0.6546875 0.515625 0.6234375 0.515625
0 0.490625 0.53125 0.521875 0.53125 0.521875 0.5453125 0.490625 0.5453125
0 0.478125 0.49375 0.540625 0.49375 0.540625 0.5203125 0.478125 0.5203125
0 0.3765625 0.478125 0.4046875 0.478125 0.4046875 0.490625 0.3765625 0.490625
0 0.3421875 0.496875 0.3703125 0.496875 0.3703125 0.515625 0.3421875 0.515625
0 0.4453125 0.734375 0.4703125 0.734375 0.4703125 0.7515625 0.4453125 0.7515625
0 0.5828125 0.66875 0.6328125 0.66875 0.6328125 0.69375 0.5828125 0.69375
0 0.5125 0.6734375 0.54375 0.6734375 0.54375 0.69375 0.5125 0.69375
0 0.41875 0.65625 0.45 0.65625 0.45 0.66875 0.41875 0.66875
0 0.5578125 0.6171875 0.590625 0.6171875 0.590625 0.6390625 0.5578125 0.6390625
0 0.5265625 0.5765625 0.5546875 0.5765625 0.5546875 0.59375 0.5265625 0.59375
0 0.5 0.5515625 0.5640625 0.5515625 0.5640625 0.56875 0.5 0.56875
0 0.703125 0.496875 0.753125 0.496875 0.753125 0.53125 0.703125 0.53125
0 0.6765625 0.540625 0.7046875 0.540625 0.7046875 0.559375 0.6765625 0.559375
0 0.621875 0.5265625 0.6546875 0.5265625 0.6546875 0.55625 0.621875 0.55625
0 0.528125 0.4421875 0.5609375 0.4421875 0.5609375 0.4640625 0.528125 0.4640625
9 0.253125 0.253125 0.396875 0.253125 0.396875 0.28125 0.253125 0.28125
9 0.1484375 0.2625 0.221875 0.2625 0.221875 0.2828125 0.1484375 0.2828125
9 0.234375 0.29375 0.2625 0.29375 0.2625 0.3484375 0.234375 0.3484375
9 0.2140625 0.3609375 0.2703125 0.3609375 0.2703125 0.375 0.2140625 0.375