0 0.3171875 0.59375 0.3640625 0.59375 0.3640625 0.6203125 0.3171875 0.6203125
0 0.3640625 0.5140625 0.390625 0.5140625 0.390625 0.5359375 0.3640625 0.5359375
0 0.3046875 0.41875 0.3359375 0.41875 0.3359375 0.4484375 0.3046875 0.4484375
0 0.4453125 0.4484375 0.4765625 0.4484375 0.4765625 0.465625 0.4453125 0.465625
0 0.76875 0.421875 0.796875 0.421875 0.796875 0.4375 0.76875 0.4375
0 0.628125 0.4421875 0.659375 0.4421875 0.659375 0.45625 0.628125 0.45625
0 0.6625 0.5078125 0.6890625 0.5078125 0.6890625 0.521875 0.6625 0.521875
9 0.603125 0.475 0.753125 0.475 0.753125 0.5828125 0.603125 0.5828125
0 0.6453125 0.6015625 0.6953125 0.6015625 0.6953125 0.621875 0.6453125 0.621875
0 0.30625 0.4640625 0.334375 0.4640625 0.334375 0.4828125 0.30625 0.4828125
0 0.625 0.4140625 0.6546875 0.4140625 0.6546875 0.4359375 0.625 0.4359375
0 0.546875 0.171875 0.5734375 0.171875 0.5734375 0.190625 0.546875 0.190625
0 0.721875 0.1796875 0.7390625 0.1796875 0.7390625 0.1890625 0.721875 0.1890625
9 0.8828125 0.25625 0.8921875 0.25625 0.8921875 0.30625 0.8828125 0.30625
0 0.8015625 0.1578125 0.8375 0.1578125 0.8375 0.1828125 0.8015625 0.1828125
0 0.8375 0.2140625 0.8609375 0.2140625 0.8609375 0.228125 0.8375 0.228125
0 0.5015625 0.5421875 0.5390625 0.5421875 0.5390625 0.565625 0.5015625 0.565625
0 0.565625 0.484375 0.6 0.484375 0.6 0.5046875 0.565625 0.5046875
0 0.525 0.575 0.58125 0.575 0.58125 0.6125 0.525 0.6125
0 0.3875 0.30625 0.4296875 0.30625 0.4296875 0.325 0.3875 0.325