0 0.346875 0.1640625 0.4015625 0.1640625 0.4015625 0.1953125 0.346875 0.1953125
0 0.4359375 0.196875 0.453125 0.196875 0.453125 0.2203125 0.4359375 0.2203125
0 0.5484375 0.2453125 0.571875 0.2453125 0.571875 0.2609375 0.5484375 0.2609375
0 0.6078125 0.2515625 0.63125 0.2515625 0.63125 0.2671875 0.6078125 0.2671875
0 0.465625 0.4125 0.496875 0.4125 0.496875 0.4296875 0.465625 0.4296875
4 0.384375 0.3984375 0.4375 0.3984375 0.4375 0.4484375 0.384375 0.4484375
0 0.6265625 0.5203125 0.6453125 0.5203125 0.6453125 0.540625 0.6265625 0.540625
0 0.6734375 0.471875 0.7 0.471875 0.7 0.490625 0.6734375 0.490625
0 0.66875 0.50625 0.6984375 0.50625 0.6984375 0.5296875 0.66875 0.5296875
0 0.6828125 0.528125 0.7 0.528125 0.7 0.546875 0.6828125 0.546875
0 0.6109375 0.5921875 0.634375 0.5921875 0.634375 0.609375 0.6109375 0.609375
0 0.5640625 0.615625 0.59375 0.615625 0.59375 0.6296875 0.5640625 0.6296875
0 0.503125 0.4640625 0.5328125 0.4640625 0.5328125 0.48125 0.503125 0.48125
0 0.465625 0.4375 0.4859375 0.4375 0.4859375 0.4546875 0.465625 0.4546875
0 0.540625 0.4953125 0.5640625 0.4953125 0.5640625 0.5078125 0.540625 0.5078125
0 0.4453125 0.6015625 0.46875 0.6015625 0.46875 0.6171875 0.4453125 0.6171875
0 0.365625 0.5046875 0.396875 0.5046875 0.396875 0.5203125 0.365625 0.5203125
0 0.7125 0.4078125 0.734375 0.4078125 0.734375 0.425 0.7125 0.425
0 0.4765625 0.621875 0.5078125 0.621875 0.5078125 0.6359375 0.4765625 0.6359375
0 0.465625 0.240625 0.4890625 0.240625 0.4890625 0.2546875 0.465625 0.2546875
0 0.4921875 0.496875 0.5171875 0.496875 0.5171875 0.5125 0.4921875 0.5125
0 0.6125 0.5484375 0.6421875 0.5484375 0.6421875 0.571875 0.6125 0.571875