0 0.5984375 0.1671875 0.6234375 0.1671875 0.6234375 0.1875 0.5984375 0.1875
0 0.5703125 0.1640625 0.5828125 0.1640625 0.5828125 0.175 0.5703125 0.175
0 0.6265625 0.15 0.6546875 0.15 0.6546875 0.1625 0.6265625 0.1625
0 0.6734375 0.221875 0.6953125 0.221875 0.6953125 0.2359375 0.6734375 0.2359375
0 0.6640625 0.1921875 0.678125 0.1921875 0.678125 0.209375 0.6640625 0.209375
0 0.6234375 0.1984375 0.6421875 0.1984375 0.6421875 0.2140625 0.6234375 0.2140625
0 0.63125 0.2421875 0.6609375 0.2421875 0.6609375 0.2703125 0.63125 0.2703125
0 0.734375 0.234375 0.74375 0.234375 0.74375 0.2515625 0.734375 0.2515625
0 0.7125 0.2109375 0.725 0.2109375 0.725 0.225 0.7125 0.225
0 0.6921875 0.228125 0.715625 0.228125 0.715625 0.246875 0.6921875 0.246875
0 0.5671875 0.2015625 0.5875 0.2015625 0.5875 0.2171875 0.5671875 0.2171875
0 0.5234375 0.228125 0.5671875 0.228125 0.5671875 0.2484375 0.5234375 0.2484375
0 0.478125 0.2390625 0.50625 0.2390625 0.50625 0.253125 0.478125 0.253125
0 0.4171875 0.2796875 0.44375 0.2796875 0.44375 0.296875 0.4171875 0.296875
0 0.3890625 0.3296875 0.4078125 0.3296875 0.4078125 0.3453125 0.3890625 0.3453125
0 0.353125 0.359375 0.36875 0.359375 0.36875 0.3796875 0.353125 0.3796875
0 0.3125 0.3859375 0.3265625 0.3859375 0.3265625 0.4 0.3125 0.4
0 0.3890625 0.4140625 0.4078125 0.4140625 0.4078125 0.4265625 0.3890625 0.4265625
0 0.33125 0.41875 0.34375 0.41875 0.34375 0.4328125 0.33125 0.4328125
0 0.5515625 0.44375 0.5921875 0.44375 0.5921875 0.4796875 0.5515625 0.4796875
0 0.4796875 0.4671875 0.50625 0.4671875 0.50625 0.484375 0.4796875 0.484375
0 0.5171875 0.4765625 0.5390625 0.4765625 0.5390625 0.4890625 0.5171875 0.4890625
0 0.5203125 0.49375 0.540625 0.49375 0.540625 0.509375 0.5203125 0.509375
0 0.4796875 0.5046875 0.503125 0.5046875 0.503125 0.525 0.4796875 0.525
0 0.50625 0.5546875 0.5296875 0.5546875 0.5296875 0.575 0.50625 0.575
0 0.4671875 0.5671875 0.4875 0.5671875 0.4875 0.5828125 0.4671875 0.5828125
0 0.4265625 0.55 0.4484375 0.55 0.4484375 0.5671875 0.4265625 0.5671875
0 0.45 0.5359375 0.478125 0.5359375 0.478125 0.55 0.45 0.55
0 0.409375 0.5890625 0.4296875 0.5890625 0.4296875 0.6015625 0.409375 0.6015625
0 0.60625 0.6296875 0.63125 0.6296875 0.63125 0.646875 0.60625 0.646875
0 0.5203125 0.634375 0.55 0.634375 0.55 0.6484375 0.5203125 0.6484375
0 0.35 0.4640625 0.3765625 0.4640625 0.3765625 0.484375 0.35 0.484375
0 0.59375 0.45625 0.6109375 0.45625 0.6109375 0.471875 0.59375 0.471875
0 0.603125 0.43125 0.6234375 0.43125 0.6234375 0.4484375 0.603125 0.4484375
0 0.3796875 0.3703125 0.3921875 0.3703125 0.3921875 0.3875 0.3796875 0.3875
0 0.5375 0.471875 0.5671875 0.471875 0.5671875 0.5171875 0.5375 0.5171875
0 0.459375 0.596875 0.4828125 0.596875 0.4828125 0.6125 0.459375 0.6125
0 0.4875 0.634375 0.503125 0.634375 0.503125 0.6453125 0.4875 0.6453125
0 0.5890625 0.6171875 0.603125 0.6171875 0.603125 0.628125 0.5890625 0.628125
0 0.553125 0.634375 0.571875 0.634375 0.571875 0.6546875 0.553125 0.6546875
0 0.5203125 0.584375 0.534375 0.584375 0.534375 0.6 0.5203125 0.6