0 0.1734375 0.528125 0.20625 0.528125 0.20625 0.5390625 0.1734375 0.5390625
0 0.603125 0.3390625 0.634375 0.3390625 0.634375 0.35 0.603125 0.35
0 0.65625 0.3109375 0.678125 0.3109375 0.678125 0.325 0.65625 0.325
0 0.6890625 0.328125 0.7046875 0.328125 0.7046875 0.3375 0.6890625 0.3375
0 0.6875 0.3390625 0.709375 0.3390625 0.709375 0.35 0.6875 0.35
0 0.290625 0.3203125 0.315625 0.3203125 0.315625 0.33125 0.290625 0.33125
9 0.3828125 0.2875 0.5203125 0.2875 0.5203125 0.2984375 0.3828125 0.2984375
9 0.34375 0.303125 0.5125 0.303125 0.5125 0.3140625 0.34375 0.3140625
9 0.390625 0.278125 0.521875 0.278125 0.521875 0.284375 0.390625 0.284375
0 0.2890625 0.296875 0.309375 0.296875 0.309375 0.3125 0.2890625 0.3125
0 0.13125 0.359375 0.1609375 0.359375 0.1609375 0.371875 0.13125 0.371875
0 0.1203125 0.446875 0.1484375 0.446875 0.1484375 0.4578125 0.1203125 0.4578125
0 0.4328125 0.6625 0.4640625 0.6625 0.4640625 0.66875 0.4328125 0.66875
0 0.7453125 0.5171875 0.7734375 0.5171875 0.7734375 0.5328125 0.7453125 0.5328125
0 0.4484375 0.334375 0.4734375 0.334375 0.4734375 0.3484375 0.4484375 0.3484375