0 0.49375 0.284375 0.509375 0.284375 0.509375 0.2921875 0.49375 0.2921875
0 0.5078125 0.2890625 0.528125 0.2890625 0.528125 0.296875 0.5078125 0.296875
0 0.4421875 0.303125 0.4640625 0.303125 0.4640625 0.3140625 0.4421875 0.3140625
0 0.4640625 0.35 0.4796875 0.35 0.4796875 0.3625 0.4640625 0.3625
0 0.459375 0.396875 0.4828125 0.396875 0.4828125 0.409375 0.459375 0.409375
0 0.4171875 0.3453125 0.4375 0.3453125 0.4375 0.3546875 0.4171875 0.3546875
0 0.4125 0.3578125 0.4265625 0.3578125 0.4265625 0.365625 0.4125 0.365625
0 0.4015625 0.3890625 0.4171875 0.3890625 0.4171875 0.3984375 0.4015625 0.3984375
0 0.434375 0.4140625 0.4515625 0.4140625 0.4515625 0.421875 0.434375 0.421875
0 0.471875 0.4390625 0.490625 0.4390625 0.490625 0.45 0.471875 0.45
0 0.5328125 0.4109375 0.5546875 0.4109375 0.5546875 0.41875 0.5328125 0.41875
0 0.484375 0.421875 0.509375 0.421875 0.509375 0.4328125 0.484375 0.4328125
0 0.4359375 0.425 0.4625 0.425 0.4625 0.4359375 0.4359375 0.4359375
0 0.6265625 0.4171875 0.653125 0.4171875 0.653125 0.428125 0.6265625 0.428125
0 0.71875 0.25625 0.7421875 0.25625 0.7421875 0.2640625 0.71875 0.2640625
0 0.7734375 0.2765625 0.7875 0.2765625 0.7875 0.2875 0.7734375 0.2875
0 0.834375 0.290625 0.85625 0.290625 0.85625 0.3 0.834375 0.3
0 0.834375 0.2765625 0.846875 0.2765625 0.846875 0.2828125 0.834375 0.2828125
0 0.803125 0.3015625 0.8203125 0.3015625 0.8203125 0.3125 0.803125 0.3125
0 0.6078125 0.24375 0.634375 0.24375 0.634375 0.253125 0.6078125 0.253125
0 0.528125 0.2671875 0.5515625 0.2671875 0.5515625 0.278125 0.528125 0.278125
0 0.55625 0.440625 0.5796875 0.440625 0.5796875 0.4484375 0.55625 0.4484375
0 0.6046875 0.425 0.621875 0.425 0.621875 0.434375 0.6046875 0.434375
0 0.6203125 0.4421875 0.6375 0.4421875 0.6375 0.453125 0.6203125 0.453125