0 0.315625 0.1953125 0.40625 0.1953125 0.40625 0.20625 0.315625 0.20625
0 0.13125 0.2015625 0.1625 0.2015625 0.1625 0.215625 0.13125 0.215625
0 0.1546875 0.18125 0.1796875 0.18125 0.1796875 0.1953125 0.1546875 0.1953125
0 0.16875 0.1453125 0.1984375 0.1453125 0.1984375 0.1609375 0.16875 0.1609375
0 0.15 0.1375 0.16875 0.1375 0.16875 0.1484375 0.15 0.1484375
0 0.1203125 0.1609375 0.1515625 0.1609375 0.1515625 0.1765625 0.1203125 0.1765625
0 0.2765625 0.140625 0.3015625 0.140625 0.3015625 0.1515625 0.2765625 0.1515625
0 0.328125 0.1328125 0.3671875 0.1328125 0.3671875 0.1453125 0.328125 0.1453125
0 0.5265625 0.50625 0.5828125 0.50625 0.5828125 0.5234375 0.5265625 0.5234375
0 0.4640625 0.5265625 0.5265625 0.5265625 0.5265625 0.54375 0.4640625 0.54375
0 0.64375 0.525 0.6734375 0.525 0.6734375 0.5453125 0.64375 0.5453125
0 0.5578125 0.534375 0.596875 0.534375 0.596875 0.55 0.5578125 0.55
0 0.7375 0.4921875 0.771875 0.4921875 0.771875 0.509375 0.7375 0.509375
0 0.746875 0.46875 0.7734375 0.46875 0.7734375 0.4796875 0.746875 0.4796875
0 0.703125 0.540625 0.721875 0.540625 0.721875 0.5546875 0.703125 0.5546875
0 0.6734375 0.5609375 0.690625 0.5609375 0.690625 0.5765625 0.6734375 0.5765625
0 0.796875 0.5015625 0.8203125 0.5015625 0.8203125 0.515625 0.796875 0.515625
0 0.2671875 0.625 0.29375 0.625 0.29375 0.6375 0.2671875 0.6375