0 0.4296875 0.328125 0.44375 0.328125 0.44375 0.3390625 0.4296875 0.3390625
0 0.484375 0.25625 0.49375 0.25625 0.49375 0.2640625 0.484375 0.2640625
0 0.4328125 0.259375 0.4625 0.259375 0.4625 0.275 0.4328125 0.275
0 0.434375 0.3 0.4546875 0.3 0.4546875 0.315625 0.434375 0.315625
0 0.353125 0.46875 0.3703125 0.46875 0.3703125 0.48125 0.353125 0.48125
0 0.30625 0.49375 0.3203125 0.49375 0.3203125 0.5046875 0.30625 0.5046875
0 0.23125 0.6296875 0.24375 0.6296875 0.24375 0.640625 0.23125 0.640625
0 0.165625 0.409375 0.18125 0.409375 0.18125 0.4390625 0.165625 0.4390625
0 0.2328125 0.3828125 0.2453125 0.3828125 0.2453125 0.39375 0.2328125 0.39375
0 0.1890625 0.3953125 0.215625 0.3953125 0.215625 0.40625 0.1890625 0.40625
0 0.1890625 0.4078125 0.20625 0.4078125 0.20625 0.4234375 0.1890625 0.4234375
0 0.15625 0.4328125 0.1671875 0.4328125 0.1671875 0.4515625 0.15625 0.4515625
0 0.2078125 0.5296875 0.2265625 0.5296875 0.2265625 0.5453125 0.2078125 0.5453125
0 0.2640625 0.6609375 0.2796875 0.6609375 0.2796875 0.675 0.2640625 0.675
0 0.24375 0.6515625 0.2609375 0.6515625 0.2609375 0.6734375 0.24375 0.6734375
0 0.2265625 0.603125 0.240625 0.603125 0.240625 0.6203125 0.2265625 0.6203125
0 0.6578125 0.5796875 0.678125 0.5796875 0.678125 0.603125 0.6578125 0.603125
0 0.6875 0.4921875 0.696875 0.4921875 0.696875 0.5078125 0.6875 0.5078125
0 0.70625 0.5265625 0.721875 0.5265625 0.721875 0.546875 0.70625 0.546875
0 0.2984375 0.2203125 0.3203125 0.2203125 0.3203125 0.240625 0.2984375 0.240625
0 0.321875 0.2890625 0.35 0.2890625 0.35 0.303125 0.321875 0.303125
0 0.46875 0.7671875 0.4890625 0.7671875 0.4890625 0.78125 0.46875 0.78125
0 0.409375 0.73125 0.4328125 0.73125 0.4328125 0.7453125 0.409375 0.7453125
0 0.378125 0.7453125 0.3984375 0.7453125 0.3984375 0.759375 0.378125 0.759375
0 0.5234375 0.75625 0.5390625 0.75625 0.5390625 0.765625 0.5234375 0.765625
0 0.478125 0.746875 0.5125 0.746875 0.5125 0.759375 0.478125 0.759375
0 0.309375 0.6171875 0.321875 0.6171875 0.321875 0.6296875 0.309375 0.6296875
0 0.3671875 0.3015625 0.3984375 0.3015625 0.3984375 0.321875 0.3671875 0.321875
0 0.34375 0.3140625 0.3640625 0.3140625 0.3640625 0.3375 0.34375 0.3375
0 0.575 0.29375 0.5921875 0.29375 0.5921875 0.30625 0.575 0.30625
0 0.38125 0.2 0.3953125 0.2 0.3953125 0.2109375 0.38125 0.2109375
0 0.240625 0.2703125 0.2609375 0.2703125 0.2609375 0.2890625 0.240625 0.2890625
0 0.6609375 0.48125 0.6765625 0.48125 0.6765625 0.4984375 0.6609375 0.4984375