0 0.4265625 0.28125 0.4453125 0.28125 0.4453125 0.2953125 0.4265625 0.2953125
0 0.3671875 0.2484375 0.3875 0.2484375 0.3875 0.2625 0.3671875 0.2625
0 0.3765625 0.2890625 0.421875 0.2890625 0.421875 0.3109375 0.3765625 0.3109375
0 0.3296875 0.29375 0.346875 0.29375 0.346875 0.309375 0.3296875 0.309375
0 0.3 0.3125 0.31875 0.3125 0.31875 0.33125 0.3 0.33125
0 0.6203125 0.2609375 0.6359375 0.2609375 0.6359375 0.2734375 0.6203125 0.2734375
0 0.584375 0.2359375 0.60625 0.2359375 0.60625 0.25625 0.584375 0.25625
0 0.4765625 0.275 0.5109375 0.275 0.5109375 0.2890625 0.4765625 0.2890625
0 0.2359375 0.3375 0.265625 0.3375 0.265625 0.36875 0.2359375 0.36875
0 0.275 0.4109375 0.2859375 0.4109375 0.2859375 0.425 0.275 0.425
0 0.4265625 0.5203125 0.4546875 0.5203125 0.4546875 0.540625 0.4265625 0.540625
0 0.3703125 0.5390625 0.4078125 0.5390625 0.4078125 0.5609375 0.3703125 0.5609375
0 0.3484375 0.5671875 0.365625 0.5671875 0.365625 0.5796875 0.3484375 0.5796875
0 0.303125 0.55625 0.315625 0.55625 0.315625 0.571875 0.303125 0.571875
0 0.259375 0.5296875 0.2796875 0.5296875 0.2796875 0.5453125 0.259375 0.5453125
0 0.28125 0.56875 0.3 0.56875 0.3 0.590625 0.28125 0.590625
0 0.2515625 0.58125 0.2703125 0.58125 0.2703125 0.6015625 0.2515625 0.6015625
0 0.4671875 0.5828125 0.4875 0.5828125 0.4875 0.5953125 0.4671875 0.5953125
0 0.4453125 0.49375 0.4640625 0.49375 0.4640625 0.5109375 0.4453125 0.5109375
4 0.3015625 0.428125 0.4640625 0.428125 0.4640625 0.53125 0.3015625 0.53125
0 0.3640625 0.584375 0.378125 0.584375 0.378125 0.5984375 0.3640625 0.5984375
0 0.215625 0.4125 0.2359375 0.4125 0.2359375 0.428125 0.215625 0.428125
0 0.1921875 0.5046875 0.2203125 0.5046875 0.2203125 0.51875 0.1921875 0.51875
0 0.575 0.6625 0.596875 0.6625 0.596875 0.678125 0.575 0.678125
0 0.3984375 0.6 0.4125 0.6 0.4125 0.609375 0.3984375 0.609375
0 0.36875 0.6234375 0.39375 0.6234375 0.39375 0.6375 0.36875 0.6375
0 0.315625 0.596875 0.34375 0.596875 0.34375 0.615625 0.315625 0.615625
0 0.2734375 0.60625 0.296875 0.60625 0.296875 0.61875 0.2734375 0.61875
0 0.29375 0.6875 0.3125 0.6875 0.3125 0.70625 0.29375 0.70625
0 0.38125 0.621875 0.4359375 0.621875 0.4359375 0.659375 0.38125 0.659375
0 0.2625 0.478125 0.275 0.478125 0.275 0.4921875 0.2625 0.4921875
0 0.403125 0.3828125 0.4171875 0.3828125 0.4171875 0.396875 0.403125 0.396875
0 0.4046875 0.4515625 0.425 0.4515625 0.425 0.4671875 0.4046875 0.4671875
0 0.553125 0.1796875 0.5703125 0.1796875 0.5703125 0.1921875 0.553125 0.1921875