9 0.5399997766320439 0.24441795883136222 0.5415874217745795 0.2535338933413882 0.48848417531530686 0.2627821844247325 0.486896551560676 0.25366626874997045
9 0.5374712640625603 0.2766547765625065 0.538653258113527 0.27370206141247877 0.5502049776049489 0.27832619168243794 0.549022985386955 0.2812789052785808
9 0.5373650517379929 0.2760798329479038 0.5380427523822391 0.279748330021006 0.5036441800641569 0.2861027775109233 0.5029664856482441 0.28243428592470576
9 0.4777011500000299 0.2822037234374725 0.4795246739702179 0.278547072438503 0.4910189204905464 0.28427896262517277 0.4891953988981186 0.2879356115927039
9 0.5564137960060407 0.29124058452840473 0.5550145200325005 0.2921145724344146 0.5484643377824341 0.28162783275615594 0.549863612610693 0.2807538453215371
9 0.4899494444174479 0.28858260110305506 0.48953628183289766 0.2867454433512538 0.5031621533920543 0.28368116303166097 0.5035753167613848 0.2855183196660765
9 0.5844706213183599 0.3025555285734491 0.5837410275667025 0.30395193571103696 0.5675462686135688 0.29549073721640506 0.5682758625000588 0.29409433124998513
9 0.5865062812499673 0.3036989937500283 0.5890578487483253 0.3006850994031268 0.607936552519277 0.3166673688656363 0.6053849887657634 0.31968125968384437
9 0.615172417067356 0.32738802795817196 0.6142436727186578 0.3284054871925118 0.6050502050638897 0.3200138875347901 0.6059789489228251 0.3189964289216584
9 0.5404222920376469 0.30656875985858245 0.5397442763793379 0.3139095057571816 0.473344951383865 0.3077767119744782 0.4740229875000068 0.3004359890625402
9 0.5644711183967956 0.3199166640575694 0.5660693493758799 0.3171358494197345 0.6101086437630556 0.34244589533985087 0.6085104210234249 0.34522670284673934
9 0.5037931025991611 0.32788340691699147 0.5040916537657267 0.3371700193753023 0.47018359250853337 0.33826004176584024 0.46988505781246204 0.3289734453125018
9 0.5460556824067453 0.339403494843562 0.546611147659064 0.337212831800614 0.5743191297589192 0.3442382080732462 0.5737636682890752 0.3464288678600078
9 0.5144827637686831 0.4145858103977455 0.5126159071626262 0.41475498610226824 0.5088020034035026 0.37267048168351286 0.5106688505577495 0.37250130641140367
9 0.5337931421501025 0.3923899990488925 0.5313814847170306 0.39315532795367475 0.5180481241319512 0.35114186135026243 0.5204597703125273 0.35037653437498306
9 0.4717241375000185 0.36226714062500004 0.47345491209262036 0.3622523788177613 0.47378058169454107 0.4004344382316521 0.4720498071022803 0.40044920000605716
9 0.4720498048225181 0.40044919904625514 0.47290528529379117 0.40072208330347847 0.46897808662242824 0.4130330668513364 0.46812260624994906 0.41276018281249005
9 0.5917460312499543 0.5344827593750001 0.6010731339664517 0.5314912356120506 0.6291544681671439 0.6190359159729926 0.6198273764773603 0.6220274156180979
9 0.6133093950772945 0.5597075523599401 0.6184239275271466 0.5584671771313114 0.6301144949578656 0.6066668904172126 0.6249999644327318 0.6079072601882232