0 0.3703125 0.4203125 0.384375 0.4203125 0.384375 0.43125 0.3703125 0.43125
0 0.39375 0.409375 0.40625 0.409375 0.40625 0.415625 0.39375 0.415625
0 0.3203125 0.409375 0.35 0.409375 0.35 0.4265625 0.3203125 0.4265625
0 0.446875 0.490625 0.4625 0.490625 0.4625 0.503125 0.446875 0.503125
0 0.3859375 0.4890625 0.4 0.4890625 0.4 0.4984375 0.3859375 0.4984375
0 0.3359375 0.50625 0.3703125 0.50625 0.3703125 0.5328125 0.3359375 0.5328125
0 0.3875 0.5828125 0.415625 0.5828125 0.415625 0.6046875 0.3875 0.6046875
0 0.446875 0.571875 0.4796875 0.571875 0.4796875 0.6 0.446875 0.6
0 0.4375 0.5171875 0.45625 0.5171875 0.45625 0.5359375 0.4375 0.5359375
0 0.328125 0.5515625 0.415625 0.5515625 0.415625 0.5890625 0.328125 0.5890625
0 0.4140625 0.65 0.44375 0.65 0.44375 0.665625 0.4140625 0.665625
0 0.39375 0.634375 0.41875 0.634375 0.41875 0.6515625 0.39375 0.6515625
0 0.528125 0.5578125 0.546875 0.5578125 0.546875 0.578125 0.528125 0.578125
0 0.459375 0.5359375 0.490625 0.5359375 0.490625 0.5515625 0.459375 0.5515625
0 0.3703125 0.5328125 0.390625 0.5328125 0.390625 0.540625 0.3703125 0.540625
0 0.525 0.621875 0.5390625 0.621875 0.5390625 0.6359375 0.525 0.6359375
0 0.6203125 0.596875 0.6375 0.596875 0.6375 0.6078125 0.6203125 0.6078125
0 0.5890625 0.528125 0.6046875 0.528125 0.6046875 0.54375 0.5890625 0.54375
0 0.4640625 0.609375 0.5015625 0.609375 0.5015625 0.6390625 0.4640625 0.6390625
0 0.4765625 0.7234375 0.5109375 0.7234375 0.5109375 0.746875 0.4765625 0.746875
0 0.4703125 0.6625 0.4921875 0.6625 0.4921875 0.684375 0.4703125 0.684375
0 0.434375 0.6703125 0.4578125 0.6703125 0.4578125 0.690625 0.434375 0.690625
0 0.428125 0.6953125 0.4484375 0.6953125 0.4484375 0.71875 0.428125 0.71875
0 0.4203125 0.7859375 0.4296875 0.7859375 0.4296875 0.796875 0.4203125 0.796875
0 0.3921875 0.7203125 0.4203125 0.7203125 0.4203125 0.7390625 0.3921875 0.7390625
0 0.365625 0.68125 0.3953125 0.68125 0.3953125 0.6984375 0.365625 0.6984375
0 0.51875 0.653125 0.5359375 0.653125 0.5359375 0.66875 0.51875 0.66875
0 0.5546875 0.65625 0.5859375 0.65625 0.5859375 0.68125 0.5546875 0.68125
0 0.459375 0.7 0.4765625 0.7 0.4765625 0.71875 0.459375 0.71875
0 0.5 0.6703125 0.55 0.6703125 0.55 0.7015625 0.5 0.7015625
0 0.4234375 0.728125 0.45 0.728125 0.45 0.746875 0.4234375 0.746875
0 0.3859375 0.75 0.41875 0.75 0.41875 0.7671875 0.3859375 0.7671875
0 0.325 0.8296875 0.3421875 0.8296875 0.3421875 0.8453125 0.325 0.8453125
0 0.1171875 0.4953125 0.1359375 0.4953125 0.1359375 0.521875 0.1171875 0.521875
0 0.134375 0.4453125 0.1421875 0.4453125 0.1421875 0.4625 0.134375 0.4625
0 0.165625 0.54375 0.1765625 0.54375 0.1765625 0.5546875 0.165625 0.5546875
0 0.1640625 0.5640625 0.1703125 0.5640625 0.1703125 0.571875 0.1640625 0.571875
0 0.3546875 0.440625 0.4171875 0.440625 0.4171875 0.46875 0.3546875 0.46875
0 0.3625 0.621875 0.3859375 0.621875 0.3859375 0.6453125 0.3625 0.6453125
0 0.5765625 0.596875 0.5875 0.596875 0.5875 0.6078125 0.5765625 0.6078125
0 0.6171875 0.6328125 0.6265625 0.6328125 0.6265625 0.64375 0.6171875 0.64375