0 0.5625 0.5015625 0.578125 0.5015625 0.578125 0.5125 0.5625 0.5125
0 0.5421875 0.5234375 0.5578125 0.5234375 0.5578125 0.5375 0.5421875 0.5375
0 0.49375 0.5453125 0.509375 0.5453125 0.509375 0.559375 0.49375 0.559375
0 0.4953125 0.5765625 0.509375 0.5765625 0.509375 0.5875 0.4953125 0.5875
0 0.4796875 0.4875 0.490625 0.4875 0.490625 0.5015625 0.4796875 0.5015625
0 0.5328125 0.340625 0.546875 0.340625 0.546875 0.3578125 0.5328125 0.3578125
0 0.690625 0.284375 0.7015625 0.284375 0.7015625 0.2953125 0.690625 0.2953125
0 0.6015625 0.3125 0.63125 0.3125 0.63125 0.328125 0.6015625 0.328125
0 0.6265625 0.296875 0.6421875 0.296875 0.6421875 0.3078125 0.6265625 0.3078125
0 0.5859375 0.2765625 0.609375 0.2765625 0.609375 0.296875 0.5859375 0.296875
0 0.665625 0.271875 0.7 0.271875 0.7 0.2828125 0.665625 0.2828125
0 0.51875 0.3296875 0.534375 0.3296875 0.534375 0.340625 0.51875 0.340625
0 0.5453125 0.3140625 0.5625 0.3140625 0.5625 0.325 0.5453125 0.325
0 0.5890625 0.3390625 0.6046875 0.3390625 0.6046875 0.3546875 0.5890625 0.3546875
0 0.55 0.3375 0.56875 0.3375 0.56875 0.35 0.55 0.35
0 0.75625 0.3203125 0.7734375 0.3203125 0.7734375 0.3359375 0.75625 0.3359375
0 0.6734375 0.30625 0.6921875 0.30625 0.6921875 0.321875 0.6734375 0.321875
0 0.7015625 0.3421875 0.71875 0.3421875 0.71875 0.353125 0.7015625 0.353125
0 0.6015625 0.5171875 0.6296875 0.5171875 0.6296875 0.559375 0.6015625 0.559375
0 0.5375 0.6609375 0.55625 0.6609375 0.55625 0.6703125 0.5375 0.6703125
0 0.528125 0.68125 0.55625 0.68125 0.55625 0.6921875 0.528125 0.6921875
0 0.45 0.6109375 0.4734375 0.6109375 0.4734375 0.628125 0.45 0.628125
4 0.475 0.5015625 0.609375 0.5015625 0.609375 0.6046875 0.475 0.6046875