9 0.2703125 0.4765625 0.3046875 0.4765625 0.3046875 0.4875 0.2703125 0.4875
0 0.2375 0.453125 0.246875 0.453125 0.246875 0.46875 0.2375 0.46875
0 0.24375 0.4296875 0.25625 0.4296875 0.25625 0.4375 0.24375 0.4375
0 0.3015625 0.4 0.3171875 0.4 0.3171875 0.4109375 0.3015625 0.4109375
0 0.365625 0.425 0.3828125 0.425 0.3828125 0.4359375 0.365625 0.4359375
0 0.49375 0.4640625 0.5078125 0.4640625 0.5078125 0.4765625 0.49375 0.4765625
0 0.5171875 0.496875 0.5359375 0.496875 0.5359375 0.5109375 0.5171875 0.5109375
0 0.4046875 0.3875 0.41875 0.3875 0.41875 0.396875 0.4046875 0.396875
0 0.4359375 0.415625 0.4515625 0.415625 0.4515625 0.428125 0.4359375 0.428125
0 0.55625 0.603125 0.578125 0.603125 0.578125 0.61875 0.55625 0.61875
0 0.5328125 0.64375 0.5515625 0.64375 0.5515625 0.659375 0.5328125 0.659375
0 0.540625 0.46875 0.553125 0.46875 0.553125 0.4796875 0.540625 0.4796875
4 0.428125 0.60625 0.5203125 0.60625 0.5203125 0.671875 0.428125 0.671875
0 0.5515625 0.6890625 0.5671875 0.6890625 0.5671875 0.6984375 0.5515625 0.6984375
0 0.4828125 0.7421875 0.5015625 0.7421875 0.5015625 0.7546875 0.4828125 0.7546875
9 0.2859375 0.5421875 0.3328125 0.5421875 0.3328125 0.553125 0.2859375 0.553125