9 0.5845200265624726 0.185040503124953 0.5839992727740082 0.18327993793652664 0.6157752001417975 0.17388108525517793 0.6162959548523759 0.17564164884502184
9 0.6398336677494854 0.20795027430520632 0.639741744869184 0.20908594254696244 0.6142440963431 0.20702213424619909 0.6143360200599091 0.2058864669121789
9 0.5864815031250146 0.2226360343750047 0.5851513555642214 0.2199711855381559 0.6127067254257099 0.20621722951197644 0.6140368734431831 0.20888207565632236
9 0.5684763517048168 0.30036868552621865 0.5678534148291874 0.304320673932763 0.5395701053929542 0.29986258623041806 0.5401930464332736 0.29591060300109545
9 0.5805970734375023 0.30487625781244865 0.5804154271444304 0.3024905765604137 0.6150941916798729 0.29985017741899656 0.6152758414687014 0.30223585483885596
9 0.5864815227944291 0.3542203892022457 0.5827340367568468 0.35478915002141564 0.5768496024714977 0.3160187612021126 0.5805970734375023 0.3154500015625023
9 0.5633360707358861 0.336597485136695 0.5676601046291125 0.3377390742719062 0.5609823078125373 0.36303184531249877 0.5566582745224196 0.36189025777375683
9 0.6810246765625152 0.4811053078124896 0.6825401595441463 0.4807373117686931 0.686552306663657 0.49725895739698633 0.6850368238464171 0.4976269529739506
9 0.6851407820115583 0.4975761495544804 0.6873756009318868 0.49732032185519354 0.6916789998605282 0.5349102754518644 0.6894441810709395 0.5351661023904819
9 0.6892628765624522 0.44527206875000547 0.6900682158013751 0.4448608214297332 0.6966781925905252 0.45780423600004355 0.6958728536264971 0.4582154829089986
9 0.6963543687500078 0.45796959687500466 0.6982538863595664 0.4574629657574615 0.7064618929615563 0.48823527483097 0.7045623758000374 0.4887419047875408
9 0.4475380027913616 0.5007181818666661 0.4462984265163641 0.5003318993247581 0.4560119607363049 0.4691635632487116 0.45725153139403574 0.46954984484582707
9 0.4429744015625374 0.5133183390625075 0.4422834862294849 0.5131363208554068 0.4456975748117884 0.5001779467944458 0.4463884887881022 0.5003599648134717
9 0.44133223437506786 0.5339740234375022 0.44021842538427336 0.5338854807631843 0.4418605977277821 0.5132297966532472 0.44297440306343105 0.5133183391818154
9 0.46251618125006644 0.5592335218750027 0.4598943785204028 0.5589125525851888 0.46852493942276396 0.488420936583377 0.47114671297651967 0.4887419040753625