0 0.428125 0.25 0.4578125 0.25 0.4578125 0.2734375 0.428125 0.2734375
0 0.3734375 0.290625 0.3984375 0.290625 0.3984375 0.3109375 0.3734375 0.3109375
0 0.315625 0.265625 0.3421875 0.265625 0.3421875 0.284375 0.315625 0.284375
0 0.2515625 0.2671875 0.284375 0.2671875 0.284375 0.2859375 0.2515625 0.2859375
0 0.315625 0.3625 0.34375 0.3625 0.34375 0.3765625 0.315625 0.3765625
0 0.35 0.3796875 0.384375 0.3796875 0.384375 0.39375 0.35 0.39375
0 0.38125 0.3234375 0.409375 0.3234375 0.409375 0.3484375 0.38125 0.3484375
9 0.390625 0.296875 0.503125 0.296875 0.503125 0.3109375 0.390625 0.3109375
9 0.3734375 0.209375 0.503125 0.209375 0.503125 0.221875 0.3734375 0.221875
0 0.4328125 0.4203125 0.4578125 0.4203125 0.4578125 0.4390625 0.4328125 0.4390625
0 0.4390625 0.3609375 0.4609375 0.3609375 0.4609375 0.375 0.4390625 0.375
0 0.5109375 0.3515625 0.565625 0.3515625 0.565625 0.4015625 0.5109375 0.4015625
0 0.4046875 0.55 0.428125 0.55 0.428125 0.5734375 0.4046875 0.5734375
4 0.38125 0.675 0.46875 0.675 0.46875 0.7546875 0.38125 0.7546875
0 0.5765625 0.6375 0.6609375 0.6375 0.6609375 0.721875 0.5765625 0.721875
4 0.18125 0.6125 0.2921875 0.6125 0.2921875 0.696875 0.18125 0.696875
4 0.303125 0.9765625 0.3390625 0.9765625 0.3390625 0.996875 0.303125 0.996875
9 0.4296875 0.184375 0.4984375 0.184375 0.4984375 0.203125 0.4296875 0.203125