9 0.3140625 0.2234375 0.55 0.2234375 0.55 0.2390625 0.3140625 0.2390625
9 0.3484375 0.253125 0.54375 0.253125 0.54375 0.2734375 0.3484375 0.2734375
4 0.3640625 0.159375 0.4875 0.159375 0.4875 0.2109375 0.3640625 0.2109375
4 0.4046875 0.51875 0.525 0.51875 0.525 0.61875 0.4046875 0.61875
4 0.525 0.5703125 0.653125 0.5703125 0.653125 0.6328125 0.525 0.6328125
4 0.309375 0.4859375 0.4078125 0.4859375 0.4078125 0.56875 0.309375 0.56875
4 0.225 0.528125 0.3109375 0.528125 0.3109375 0.65 0.225 0.65
0 0.553125 0.7421875 0.5796875 0.7421875 0.5796875 0.765625 0.553125 0.765625
0 0.6984375 0.5515625 0.7234375 0.5515625 0.7234375 0.575 0.6984375 0.575
0 0.7015625 0.334375 0.7296875 0.334375 0.7296875 0.35 0.7015625 0.35
0 0.228125 0.33125 0.2515625 0.33125 0.2515625 0.346875 0.228125 0.346875
0 0.25 0.353125 0.278125 0.353125 0.278125 0.3734375 0.25 0.3734375
0 0.5984375 0.278125 0.625 0.278125 0.625 0.296875 0.5984375 0.296875
0 0.7828125 0.425 0.81875 0.425 0.81875 0.45 0.7828125 0.45
0 0.2703125 0.4453125 0.290625 0.4453125 0.290625 0.4640625 0.2703125 0.4640625