0 0.5234375 0.2328125 0.5625 0.2328125 0.5625 0.2515625 0.5234375 0.2515625
0 0.48125 0.240625 0.5046875 0.240625 0.5046875 0.2625 0.48125 0.2625
0 0.471875 0.2734375 0.4875 0.2734375 0.4875 0.2875 0.471875 0.2875
0 0.4796875 0.2890625 0.496875 0.2890625 0.496875 0.3015625 0.4796875 0.3015625
0 0.45625 0.3 0.4703125 0.3 0.4703125 0.309375 0.45625 0.309375
0 0.38125 0.2671875 0.396875 0.2671875 0.396875 0.278125 0.38125 0.278125
0 0.3671875 0.2546875 0.3796875 0.2546875 0.3796875 0.2671875 0.3671875 0.2671875
0 0.3375 0.2515625 0.3515625 0.2515625 0.3515625 0.265625 0.3375 0.265625
0 0.31875 0.2796875 0.33125 0.2796875 0.33125 0.290625 0.31875 0.290625
0 0.2921875 0.24375 0.3109375 0.24375 0.3109375 0.25625 0.2921875 0.25625
0 0.3375 0.190625 0.3640625 0.190625 0.3640625 0.2046875 0.3375 0.2046875
0 0.396875 0.225 0.4078125 0.225 0.4078125 0.2359375 0.396875 0.2359375
0 0.4625 0.1875 0.4796875 0.1875 0.4796875 0.2015625 0.4625 0.2015625
0 0.6203125 0.203125 0.634375 0.203125 0.634375 0.2203125 0.6203125 0.2203125
0 0.6046875 0.253125 0.61875 0.253125 0.61875 0.26875 0.6046875 0.26875
0 0.434375 0.4078125 0.4578125 0.4078125 0.4578125 0.4234375 0.434375 0.4234375
0 0.278125 0.45 0.2984375 0.45 0.2984375 0.46875 0.278125 0.46875
0 0.2921875 0.5109375 0.3171875 0.5109375 0.3171875 0.5328125 0.2921875 0.5328125
0 0.2671875 0.5046875 0.2890625 0.5046875 0.2890625 0.5203125 0.2671875 0.5203125
0 0.2390625 0.475 0.2703125 0.475 0.2703125 0.4921875 0.2390625 0.4921875
0 0.66875 0.421875 0.7078125 0.421875 0.7078125 0.4703125 0.66875 0.4703125
0 0.6796875 0.471875 0.6984375 0.471875 0.6984375 0.4921875 0.6796875 0.4921875
0 0.65 0.5171875 0.66875 0.5171875 0.66875 0.534375 0.65 0.534375
0 0.6015625 0.5890625 0.625 0.5890625 0.625 0.6 0.6015625 0.6