0 0.4703125 0.49375 0.503125 0.49375 0.503125 0.5265625 0.4703125 0.5265625
0 0.434375 0.525 0.490625 0.525 0.490625 0.553125 0.434375 0.553125
0 0.5359375 0.50625 0.553125 0.50625 0.553125 0.528125 0.5359375 0.528125
0 0.471875 0.5609375 0.5 0.5609375 0.5 0.584375 0.471875 0.584375
0 0.5015625 0.5546875 0.540625 0.5546875 0.540625 0.5765625 0.5015625 0.5765625
0 0.4234375 0.6109375 0.45 0.6109375 0.45 0.6328125 0.4234375 0.6328125
0 0.36875 0.7296875 0.3828125 0.7296875 0.3828125 0.740625 0.36875 0.740625
0 0.2140625 0.3203125 0.2765625 0.3203125 0.2765625 0.353125 0.2140625 0.353125
0 0.4875 0.3203125 0.528125 0.3203125 0.528125 0.3640625 0.4875 0.3640625
0 0.546875 0.48125 0.565625 0.48125 0.565625 0.50625 0.546875 0.50625
0 0.4234375 0.2609375 0.45 0.2609375 0.45 0.2875 0.4234375 0.2875
0 0.3265625 0.3234375 0.3609375 0.3234375 0.3609375 0.3515625 0.3265625 0.3515625
0 0.0875 0.3703125 0.115625 0.3703125 0.115625 0.396875 0.0875 0.396875
0 0.1515625 0.2828125 0.19375 0.2828125 0.19375 0.3015625 0.1515625 0.3015625
9 0.1796875 0.3890625 0.2203125 0.3890625 0.2203125 0.4515625 0.1796875 0.4515625
0 0.3625 0.259375 0.3828125 0.259375 0.3828125 0.28125 0.3625 0.28125