0 0.6796875 0.3140625 0.6953125 0.3140625 0.6953125 0.3390625 0.6796875 0.3390625
9 0.6375 0.2828125 0.665625 0.2828125 0.665625 0.33125 0.6375 0.33125
0 0.5625 0.321875 0.5859375 0.321875 0.5859375 0.334375 0.5625 0.334375
0 0.428125 0.490625 0.4671875 0.490625 0.4671875 0.5109375 0.428125 0.5109375
0 0.375 0.51875 0.4234375 0.51875 0.4234375 0.540625 0.375 0.540625
0 0.3234375 0.5234375 0.353125 0.5234375 0.353125 0.5453125 0.3234375 0.5453125
0 0.275 0.515625 0.2921875 0.515625 0.2921875 0.525 0.275 0.525
0 0.3015625 0.51875 0.3203125 0.51875 0.3203125 0.5328125 0.3015625 0.5328125
0 0.3234375 0.55 0.3546875 0.55 0.3546875 0.5703125 0.3234375 0.5703125
0 0.40625 0.584375 0.428125 0.584375 0.428125 0.5984375 0.40625 0.5984375
0 0.4015625 0.5484375 0.4546875 0.5484375 0.4546875 0.5609375 0.4015625 0.5609375
0 0.4609375 0.5546875 0.4859375 0.5546875 0.4859375 0.5796875 0.4609375 0.5796875