0 0.33125 0.5234375 0.3453125 0.5234375 0.3453125 0.5359375 0.33125 0.5359375
0 0.3515625 0.5171875 0.3671875 0.5171875 0.3671875 0.53125 0.3515625 0.53125
0 0.3734375 0.540625 0.3984375 0.540625 0.3984375 0.565625 0.3734375 0.565625
0 0.3625 0.5671875 0.3765625 0.5671875 0.3765625 0.5765625 0.3625 0.5765625
0 0.41875 0.6578125 0.440625 0.6578125 0.440625 0.671875 0.41875 0.671875
0 0.459375 0.6375 0.4765625 0.6375 0.4765625 0.665625 0.459375 0.665625
1 0.6546875 0.525 0.6640625 0.525 0.6640625 0.534375 0.6546875 0.534375
0 0.634375 0.5140625 0.665625 0.5140625 0.665625 0.5546875 0.634375 0.5546875
0 0.6171875 0.5390625 0.646875 0.5390625 0.646875 0.56875 0.6171875 0.56875
0 0.596875 0.5515625 0.6109375 0.5515625 0.6109375 0.5640625 0.596875 0.5640625
0 0.540625 0.4046875 0.5546875 0.4046875 0.5546875 0.4125 0.540625 0.4125