0 0.7296875 0.446875 0.7484375 0.446875 0.7484375 0.4546875 0.7296875 0.4546875
0 0.50625 0.4890625 0.525 0.4890625 0.525 0.5015625 0.50625 0.5015625
0 0.5265625 0.4796875 0.5390625 0.4796875 0.5390625 0.4859375 0.5265625 0.4859375
0 0.4734375 0.4890625 0.4890625 0.4890625 0.4890625 0.5 0.4734375 0.5
0 0.4765625 0.5125 0.4921875 0.5125 0.4921875 0.5203125 0.4765625 0.5203125
0 0.453125 0.5171875 0.465625 0.5171875 0.465625 0.525 0.453125 0.525
0 0.484375 0.525 0.503125 0.525 0.503125 0.5375 0.484375 0.5375
0 0.4921875 0.5453125 0.509375 0.5453125 0.509375 0.5609375 0.4921875 0.5609375
0 0.490625 0.5703125 0.5078125 0.5703125 0.5078125 0.5828125 0.490625 0.5828125
0 0.5125 0.55625 0.5296875 0.55625 0.5296875 0.565625 0.5125 0.565625
0 0.565625 0.515625 0.5796875 0.515625 0.5796875 0.5265625 0.565625 0.5265625
0 0.571875 0.490625 0.5859375 0.490625 0.5859375 0.5 0.571875 0.5
0 0.534375 0.4421875 0.546875 0.4421875 0.546875 0.453125 0.534375 0.453125
0 0.5390625 0.4046875 0.5515625 0.4046875 0.5515625 0.4140625 0.5390625 0.4140625
0 0.6171875 0.4359375 0.6328125 0.4359375 0.6328125 0.4453125 0.6171875 0.4453125
0 0.628125 0.396875 0.6421875 0.396875 0.6421875 0.40625 0.628125 0.40625
0 0.5484375 0.6171875 0.56875 0.6171875 0.56875 0.6328125 0.5484375 0.6328125
0 0.565625 0.5609375 0.5859375 0.5609375 0.5859375 0.575 0.565625 0.575
0 0.546875 0.6484375 0.565625 0.6484375 0.565625 0.6640625 0.546875 0.6640625
0 0.528125 0.6515625 0.5375 0.6515625 0.5375 0.6609375 0.528125 0.6609375
4 0.6109375 0.6125 0.6984375 0.6125 0.6984375 0.7203125 0.6109375 0.7203125