0 0.3265625 0.6203125 0.3359375 0.6203125 0.3359375 0.6296875 0.3265625 0.6296875
0 0.234375 0.5921875 0.24375 0.5921875 0.24375 0.6015625 0.234375 0.6015625
0 0.2515625 0.6328125 0.2625 0.6328125 0.2625 0.6453125 0.2515625 0.6453125
0 0.3640625 0.634375 0.375 0.634375 0.375 0.646875 0.3640625 0.646875
0 0.3828125 0.6015625 0.39375 0.6015625 0.39375 0.6109375 0.3828125 0.6109375
0 0.403125 0.5484375 0.4140625 0.5484375 0.4140625 0.5609375 0.403125 0.5609375
0 0.36875 0.646875 0.38125 0.646875 0.38125 0.65625 0.36875 0.65625
0 0.315625 0.6609375 0.3296875 0.6609375 0.3296875 0.671875 0.315625 0.671875
0 0.3140625 0.7140625 0.3296875 0.7140625 0.3296875 0.7265625 0.3140625 0.7265625
0 0.678125 0.60625 0.6953125 0.60625 0.6953125 0.61875 0.678125 0.61875
0 0.6296875 0.6140625 0.6453125 0.6140625 0.6453125 0.625 0.6296875 0.625
4 0.578125 0.5 0.7015625 0.5 0.7015625 0.65 0.578125 0.65
0 0.64375 0.590625 0.6578125 0.590625 0.6578125 0.6015625 0.64375 0.6015625
0 0.6125 0.6390625 0.625 0.6390625 0.625 0.6515625 0.6125 0.6515625
0 0.5953125 0.5890625 0.6140625 0.5890625 0.6140625 0.603125 0.5953125 0.603125
0 0.5890625 0.5765625 0.5984375 0.5765625 0.5984375 0.584375 0.5890625 0.584375
0 0.51875 0.5484375 0.5375 0.5484375 0.5375 0.5625 0.51875 0.5625
0 0.6734375 0.6859375 0.6890625 0.6859375 0.6890625 0.6953125 0.6734375 0.6953125
0 0.7234375 0.7015625 0.7375 0.7015625 0.7375 0.7140625 0.7234375 0.7140625
0 0.7578125 0.5859375 0.7671875 0.5859375 0.7671875 0.59375 0.7578125 0.59375
0 0.7296875 0.5875 0.7421875 0.5875 0.7421875 0.5953125 0.7296875 0.5953125
0 0.640625 0.690625 0.65625 0.690625 0.65625 0.703125 0.640625 0.703125
0 0.565625 0.6546875 0.5796875 0.6546875 0.5796875 0.6671875 0.565625 0.6671875
0 0.540625 0.6640625 0.5546875 0.6640625 0.5546875 0.6734375 0.540625 0.6734375
0 0.5375 0.6171875 0.5515625 0.6171875 0.5515625 0.63125 0.5375 0.63125
0 0.5140625 0.5765625 0.528125 0.5765625 0.528125 0.5859375 0.5140625 0.5859375
0 0.5609375 0.6046875 0.578125 0.6046875 0.578125 0.6203125 0.5609375 0.6203125
4 0.5078125 0.38125 0.5765625 0.38125 0.5765625 0.51875 0.5078125 0.51875
0 0.6453125 0.3375 0.671875 0.3375 0.671875 0.35625 0.6453125 0.35625
0 0.54375 0.2796875 0.5625 0.2796875 0.5625 0.29375 0.54375 0.29375
0 0.54375 0.3015625 0.5546875 0.3015625 0.5546875 0.3078125 0.54375 0.3078125
0 0.575 0.3265625 0.59375 0.3265625 0.59375 0.3546875 0.575 0.3546875
0 0.5015625 0.3265625 0.51875 0.3265625 0.51875 0.3375 0.5015625 0.3375
0 0.471875 0.3390625 0.490625 0.3390625 0.490625 0.3515625 0.471875 0.3515625
0 0.5453125 0.359375 0.559375 0.359375 0.559375 0.3734375 0.5453125 0.3734375
0 0.525 0.2984375 0.5359375 0.2984375 0.5359375 0.3078125 0.525 0.3078125
0 0.4875 0.3125 0.5125 0.3125 0.5125 0.315625 0.4875 0.315625
0 0.54375 0.2375 0.5546875 0.2375 0.5546875 0.2484375 0.54375 0.2484375
0 0.6265625 0.25625 0.64375 0.25625 0.64375 0.26875 0.6265625 0.26875
0 0.6390625 0.3640625 0.6609375 0.3640625 0.6609375 0.3765625 0.6390625 0.3765625
4 0.403125 0.40625 0.5 0.40625 0.5 0.484375 0.403125 0.484375
4 0.540625 0.5375 0.58125 0.5375 0.58125 0.5984375 0.540625 0.5984375
0 0.6625 0.2890625 0.675 0.2890625 0.675 0.3046875 0.6625 0.3046875
0 0.5734375 0.3125 0.5859375 0.3125 0.5859375 0.3203125 0.5734375 0.3203125
0 0.5984375 0.2953125 0.609375 0.2953125 0.609375 0.309375 0.5984375 0.309375
0 0.628125 0.3484375 0.64375 0.3484375 0.64375 0.359375 0.628125 0.359375
0 0.5359375 0.35 0.559375 0.35 0.559375 0.3578125 0.5359375 0.3578125
0 0.5859375 0.4 0.6 0.4 0.6 0.4125 0.5859375 0.4125