0 0.4796875 0.4375 0.496875 0.4375 0.496875 0.4515625 0.4796875 0.4515625
4 0.3578125 0.5265625 0.4046875 0.5265625 0.4046875 0.571875 0.3578125 0.571875
0 0.4109375 0.565625 0.4296875 0.565625 0.4296875 0.5875 0.4109375 0.5875
0 0.4671875 0.55 0.4859375 0.55 0.4859375 0.5625 0.4671875 0.5625
0 0.4921875 0.50625 0.5125 0.50625 0.5125 0.5203125 0.4921875 0.5203125
0 0.3890625 0.590625 0.3984375 0.590625 0.3984375 0.603125 0.3890625 0.603125
0 0.4421875 0.66875 0.45625 0.66875 0.45625 0.6796875 0.4421875 0.6796875
0 0.5390625 0.5265625 0.5578125 0.5265625 0.5578125 0.540625 0.5390625 0.540625
0 0.5078125 0.45 0.5203125 0.45 0.5203125 0.459375 0.5078125 0.459375
0 0.4953125 0.465625 0.50625 0.465625 0.50625 0.478125 0.4953125 0.478125
0 0.553125 0.384375 0.565625 0.384375 0.565625 0.4 0.553125 0.4
0 0.490625 0.3578125 0.5140625 0.3578125 0.5140625 0.375 0.490625 0.375
0 0.49375 0.4 0.5140625 0.4 0.5140625 0.415625 0.49375 0.415625
0 0.5296875 0.3640625 0.55 0.3640625 0.55 0.3859375 0.5296875 0.3859375
0 0.5625 0.3375 0.5859375 0.3375 0.5859375 0.36875 0.5625 0.36875
0 0.375 0.309375 0.4125 0.309375 0.4125 0.3453125 0.375 0.3453125
0 0.5328125 0.2984375 0.5546875 0.2984375 0.5546875 0.3140625 0.5328125 0.3140625
0 0.521875 0.553125 0.5453125 0.553125 0.5453125 0.575 0.521875 0.575
0 0.43125 0.6 0.446875 0.6 0.446875 0.6140625 0.43125 0.6140625
0 0.4109375 0.65625 0.425 0.65625 0.425 0.66875 0.4109375 0.66875
0 0.528125 0.6015625 0.5421875 0.6015625 0.5421875 0.6140625 0.528125 0.6140625
0 0.503125 0.5953125 0.5203125 0.5953125 0.5203125 0.6046875 0.503125 0.6046875
0 0.5390625 0.5875 0.5484375 0.5875 0.5484375 0.596875 0.5390625 0.596875
0 0.5734375 0.578125 0.5875 0.578125 0.5875 0.5875 0.5734375 0.5875
0 0.728125 0.5828125 0.7515625 0.5828125 0.7515625 0.603125 0.728125 0.603125
0 0.628125 0.48125 0.6375 0.48125 0.6375 0.503125 0.628125 0.503125
0 0.628125 0.5203125 0.6390625 0.5203125 0.6390625 0.53125 0.628125 0.53125
0 0.625 0.54375 0.64375 0.54375 0.64375 0.559375 0.625 0.559375
0 0.55 0.453125 0.5734375 0.453125 0.5734375 0.4734375 0.55 0.4734375
0 0.5578125 0.5640625 0.578125 0.5640625 0.578125 0.5796875 0.5578125 0.5796875
0 0.525 0.3875 0.5875 0.3875 0.5875 0.421875 0.525 0.421875
0 0.55625 0.421875 0.5765625 0.421875 0.5765625 0.4421875 0.55625 0.4421875
0 0.4265625 0.3109375 0.4625 0.3109375 0.4625 0.3296875 0.4265625 0.3296875
0 0.490625 0.3390625 0.5234375 0.3390625 0.5234375 0.359375 0.490625 0.359375
0 0.49375 0.2015625 0.509375 0.2015625 0.509375 0.215625 0.49375 0.215625