0 0.725 0.5046875 0.7359375 0.5046875 0.7359375 0.515625 0.725 0.515625
0 0.5765625 0.5203125 0.59375 0.5203125 0.59375 0.54375 0.5765625 0.54375
0 0.5453125 0.525 0.5640625 0.525 0.5640625 0.540625 0.5453125 0.540625
0 0.6015625 0.5453125 0.621875 0.5453125 0.621875 0.5703125 0.6015625 0.5703125
0 0.4953125 0.5296875 0.515625 0.5296875 0.515625 0.540625 0.4953125 0.540625
0 0.4796875 0.571875 0.50625 0.571875 0.50625 0.5859375 0.4796875 0.5859375
0 0.5640625 0.571875 0.5984375 0.571875 0.5984375 0.584375 0.5640625 0.584375
0 0.540625 0.54375 0.5796875 0.54375 0.5796875 0.5671875 0.540625 0.5671875
0 0.4421875 0.49375 0.4609375 0.49375 0.4609375 0.50625 0.4421875 0.50625
0 0.478125 0.31875 0.5 0.31875 0.5 0.3328125 0.478125 0.3328125
0 0.6171875 0.6671875 0.6484375 0.6671875 0.6484375 0.68125 0.6171875 0.68125
0 0.66875 0.6578125 0.6921875 0.6578125 0.6921875 0.6703125 0.66875 0.6703125