4 0.4828125 0.534375 0.640625 0.534375 0.640625 0.5765625 0.4828125 0.5765625
0 0.4265625 0.515625 0.4703125 0.515625 0.4703125 0.540625 0.4265625 0.540625
0 0.5796875 0.60625 0.6296875 0.60625 0.6296875 0.6234375 0.5796875 0.6234375
0 0.653125 0.5609375 0.684375 0.5609375 0.684375 0.578125 0.653125 0.578125
0 0.659375 0.5171875 0.6890625 0.5171875 0.6890625 0.5390625 0.659375 0.5390625
0 0.5375 0.575 0.5703125 0.575 0.5703125 0.590625 0.5375 0.590625
0 0.3734375 0.5328125 0.3953125 0.5328125 0.3953125 0.5484375 0.3734375 0.5484375
0 0.346875 0.5421875 0.36875 0.5421875 0.36875 0.5546875 0.346875 0.5546875
0 0.34375 0.521875 0.365625 0.521875 0.365625 0.5328125 0.34375 0.5328125
4 0.15625 0.5671875 0.2015625 0.5671875 0.2015625 0.603125 0.15625 0.603125
0 0.45 0.653125 0.4875 0.653125 0.4875 0.6671875 0.45 0.6671875
0 0.359375 0.7109375 0.3859375 0.7109375 0.3859375 0.721875 0.359375 0.721875
0 0.5140625 0.640625 0.55625 0.640625 0.55625 0.65625 0.5140625 0.65625
0 0.2546875 0.4671875 0.29375 0.4671875 0.29375 0.4875 0.2546875 0.4875
0 0.3890625 0.3921875 0.4296875 0.3921875 0.4296875 0.40625 0.3890625 0.40625
0 0.6125 0.496875 0.65 0.496875 0.65 0.5125 0.6125 0.5125
0 0.41875 0.6 0.45 0.6 0.45 0.6109375 0.41875 0.6109375