0 0.565625 0.4875 0.6015625 0.4875 0.6015625 0.5078125 0.565625 0.5078125
9 0.625 0.45 0.646875 0.45 0.646875 0.4890625 0.625 0.4890625
4 0.2359375 0.525 0.3453125 0.525 0.3453125 0.5578125 0.2359375 0.5578125
0 0.2671875 0.4984375 0.3359375 0.4984375 0.3359375 0.528125 0.2671875 0.528125
0 0.2078125 0.4625 0.25 0.4625 0.25 0.478125 0.2078125 0.478125
0 0.178125 0.4875 0.2078125 0.4875 0.2078125 0.5015625 0.178125 0.5015625
0 0.2015625 0.428125 0.23125 0.428125 0.23125 0.434375 0.2015625 0.434375
0 0.5296875 0.515625 0.559375 0.515625 0.559375 0.5265625 0.5296875 0.5265625
0 0.234375 0.63125 0.2765625 0.63125 0.2765625 0.646875 0.234375 0.646875
0 0.234375 0.6796875 0.2703125 0.6796875 0.2703125 0.6953125 0.234375 0.6953125
0 0.3625 0.70625 0.38125 0.70625 0.38125 0.715625 0.3625 0.715625
0 0.36875 0.6890625 0.38125 0.6890625 0.38125 0.703125 0.36875 0.703125
0 0.3234375 0.675 0.3390625 0.675 0.3390625 0.684375 0.3234375 0.684375
0 0.2515625 0.5609375 0.3234375 0.5609375 0.3234375 0.5765625 0.2515625 0.5765625
0 0.2234375 0.4890625 0.2578125 0.4890625 0.2578125 0.50625 0.2234375 0.50625
0 0.584375 0.6296875 0.6140625 0.6296875 0.6140625 0.6390625 0.584375 0.6390625
0 0.60625 0.6 0.628125 0.6 0.628125 0.61875 0.60625 0.61875