5 0.4609375 0.3625 0.6828125 0.3625 0.6828125 0.43125 0.4609375 0.43125
5 0.78125 0.3953125 0.8859375 0.3953125 0.8859375 0.459375 0.78125 0.459375
0 0.36875 0.4640625 0.39375 0.4640625 0.39375 0.484375 0.36875 0.484375
0 0.415625 0.31875 0.44375 0.31875 0.44375 0.35 0.415625 0.35
0 0.4140625 0.5796875 0.4484375 0.5796875 0.4484375 0.6046875 0.4140625 0.6046875
0 0.4953125 0.56875 0.5296875 0.56875 0.5296875 0.5875 0.4953125 0.5875
0 0.5140625 0.5421875 0.5359375 0.5421875 0.5359375 0.5609375 0.5140625 0.5609375
0 0.43125 0.49375 0.4546875 0.49375 0.4546875 0.5078125 0.43125 0.5078125
0 0.4609375 0.6359375 0.503125 0.6359375 0.503125 0.6515625 0.4609375 0.6515625
0 0.596875 0.56875 0.621875 0.56875 0.621875 0.5875 0.596875 0.5875
0 0.8375 0.571875 0.859375 0.571875 0.859375 0.5921875 0.8375 0.5921875