9 0.577861754687433 0.37395685624999464 0.5741541971684683 0.37330397293237305 0.5919903001621378 0.2720208756404767 0.5956978219193161 0.27267375578593195
9 0.642943368750025 0.2763344359375159 0.6438111371143123 0.27480555170967347 0.6654264553736766 0.2870737301397723 0.6645586888934076 0.2886026127382957
9 0.6649598391179552 0.28794014236623006 0.6660581641441468 0.28495952995503904 0.7088533483752144 0.3007286734855326 0.7077550305523346 0.30370927978126316
9 0.7232456884433986 0.31727286453734715 0.7223209190773332 0.318221319072648 0.7075998985701517 0.30386833633016347 0.7085246670777678 0.3029198827103346
9 0.48498443946436964 0.1975173397273325 0.4849558530828517 0.19763644861466617 0.4623657870004081 0.192214841617454 0.4623943734375189 0.19209573281255118
9 0.5238132770607535 0.20926171196929771 0.5232932338819865 0.21099517707835977 0.48444295401623094 0.1993401394633483 0.4849629984374815 0.19760667656255002
9 0.5426966935631299 0.21728860293114383 0.5420204385753777 0.21919596765690819 0.5227758694137492 0.2123729072037712 0.5234521249999489 0.2104655437500106
9 0.5426966890624954 0.21728861562504767 0.5432939089413367 0.21596972498280914 0.5544907423959557 0.22103979834993998 0.5538935231546702 0.22235868845029805
9 0.5789114658492736 0.23775782031095036 0.5783487125145257 0.23863320187010506 0.5536418197002604 0.22275022003640482 0.5542045729069969 0.22187483937092456
9 0.5433286578075922 0.16272544481797263 0.542395120138508 0.16562758719903667 0.5070415369929151 0.15425540458208367 0.5079750760437491 0.151353264800291
9 0.5433286531250587 0.16272545937504393 0.5439214375259098 0.16119949542962247 0.5648083885538426 0.1693132852309724 0.5642156051768552 0.17083924830711317
9 0.6009552543474683 0.1952448070343212 0.5994378385830714 0.19750405336827503 0.5628232831843434 0.1729122390127866 0.5643406983821251 0.1706529954260188
9 0.5892574419586936 0.20350922453720413 0.5899220711155522 0.20178613786823238 0.6130261420464649 0.2106977192139016 0.6123615144776977 0.21242080453681797
9 0.6119000672556467 0.21395891937300252 0.6126368199995795 0.21150314612927248 0.703426475503079 0.2387402845902924 0.7026897322067498 0.2411960497296841
9 0.6765340054446369 0.17477541878992986 0.6709967889789823 0.18392386300843805 0.5622882326077843 0.1181268825417084 0.567825448256599 0.10897846320598194
9 0.640843962500071 0.3440403093750087 0.639663742290395 0.3436771761801561 0.6518959262100452 0.30392263906091604 0.6530761419070359 0.304285771511856