9 0.3188929484374512 0.3631153000000002 0.3160289269656005 0.352485446500251 0.41818609697418196 0.32496186190788695 0.421050154721911 0.33559165486168807
9 0.38177541562492934 0.3162385640625558 0.3820906988836441 0.30330216145639793 0.5084714298568542 0.30638178949200456 0.5081562258761778 0.3193181163726962
9 0.31917010000006485 0.34526741718752374 0.3174933687691919 0.3419514293556899 0.36058678804681676 0.3201619197687355 0.36226352056121414 0.32347789947877004
9 0.36500265312497504 0.3020540124999686 0.36389105770376773 0.29329003422372485 0.47398672992540014 0.2793259632731618 0.47509836188942245 0.2880898983194154
9 0.31695622187498884 0.32769794843745714 0.31609468282113085 0.3259735902382681 0.36479651980403105 0.3016414410013451 0.3656580596320964 0.3033657947032111
9 0.42156197350152524 0.35670302656540703 0.42015510354269736 0.3566391688966333 0.42078199460274845 0.3428284720654768 0.4221888624999792 0.34289232968750016
9 0.4215619734375 0.3751759328125 0.42478000312499997 0.3751759328125 0.42478000312499997 0.3910098515625 0.4215619734375 0.3910098515625
9 0.5087413406250789 0.5115235734374831 0.5217270042470545 0.5061847188808404 0.5615132206851285 0.6029477393083624 0.5485275838021835 0.6082865465439958
9 0.5148848531249541 0.4934904999999604 0.5157024125404632 0.4922072574613328 0.5300804992942858 0.5013669041849069 0.5292629417648413 0.5026501450659341
9 0.5292629515624867 0.5026501296874698 0.5300482353478628 0.5019904071709378 0.5380208133700535 0.5114796204621523 0.5372355301677771 0.5121393423471866
9 0.5444602750000058 0.5278455265625075 0.5449943565829471 0.5276821578686932 0.5552054627939924 0.5610611293930235 0.554671381417279 0.5612244976143707
9 0.3674808608599278 0.7629205300719658 0.3620551353266137 0.7608624644119985 0.3906847483629008 0.6853980111196262 0.3961103869155522 0.6874560584538164
9 0.39084441093746136 0.7419950734374895 0.3889946683701737 0.741464422828255 0.4038214558132722 0.6897893991559905 0.40567117815044185 0.6903200466968589
9 0.41634590156252216 0.7139394640625223 0.41443747215475923 0.7131052712790316 0.42082375010397755 0.6984972684754376 0.42273217380079586 0.6993314598237367
9 0.4158542234373499 0.7139120984357429 0.4174601513524294 0.7140014805363087 0.41616821539594184 0.7372099974959958 0.4145622874999617 0.7371206156249999
9 0.4133582883558802 0.7681139063144221 0.4109697990705854 0.767835936298503 0.4139076307983487 0.7425967667350976 0.4162961062500017 0.7428747359374964
9 0.4935288343750699 0.6720619281249869 0.4955120780857669 0.671144951486378 0.5061900590459345 0.6942361000122833 0.5042068168379501 0.6951530742206393
9 0.5122519245547892 0.70460942267752 0.5112123518066483 0.7058648347211959 0.5035307139709175 0.6995048294579812 0.5045702859374614 0.698249418749987
9 0.3438178779373402 0.691629376675188 0.3382738955245941 0.6916111026461863 0.3384927879598081 0.6252238792167754 0.3440366968750368 0.6252421531250003
9 0.3745585796874593 0.2756672515625346 0.37416829029336895 0.2735490595079469 0.4429517181031315 0.26087551013839644 0.44334201210540414 0.2629936960222166
9 0.33163312361966746 0.30183923773675486 0.3306454873253415 0.30021941969603844 0.3735709852292075 0.27404750527228866 0.37455862123783845 0.27566731970886943
9 0.3314677125987373 0.30156794399775144 0.3318013549361467 0.3022336770400958 0.3102990711465736 0.31300956041709344 0.30996542968750873 0.3123438281249712