5 0.5796875 0.26875 0.7828125 0.26875 0.7828125 0.340625 0.5796875 0.340625
5 0.2734375 0.275 0.4453125 0.275 0.4453125 0.3296875 0.2734375 0.3296875
0 0.609375 0.5875 0.6234375 0.5875 0.6234375 0.603125 0.609375 0.603125
0 0.65625 0.375 0.675 0.375 0.675 0.3859375 0.65625 0.3859375
0 0.7 0.4875 0.7234375 0.4875 0.7234375 0.5015625 0.7 0.5015625
0 0.71875 0.4265625 0.7453125 0.4265625 0.7453125 0.459375 0.71875 0.459375
0 0.7015625 0.4 0.725 0.4 0.725 0.4140625 0.7015625 0.4140625
0 0.7390625 0.3875 0.7609375 0.3875 0.7609375 0.396875 0.7390625 0.396875
0 0.746875 0.3515625 0.7609375 0.3515625 0.7609375 0.3640625 0.746875 0.3640625
0 0.76875 0.384375 0.7875 0.384375 0.7875 0.403125 0.76875 0.403125
4 0.34375 0.3609375 0.4125 0.3609375 0.4125 0.446875 0.34375 0.446875
0 0.6640625 0.03125 0.678125 0.03125 0.678125 0.04375 0.6640625 0.04375
0 0.515625 0.615625 0.5390625 0.615625 0.5390625 0.640625 0.515625 0.640625