5 0.2828125 0.1296875 0.5296875 0.1296875 0.5296875 0.2203125 0.2828125 0.2203125
5 0.678125 0.103125 0.7 0.103125 0.7 0.121875 0.678125 0.121875
5 0.653125 0.1234375 0.6734375 0.1234375 0.6734375 0.1375 0.653125 0.1375
5 0.6984375 0.1828125 0.7296875 0.1828125 0.7296875 0.2109375 0.6984375 0.2109375
5 0.6671875 0.215625 0.6859375 0.215625 0.6859375 0.234375 0.6671875 0.234375
5 0.640625 0.2328125 0.6609375 0.2328125 0.6609375 0.253125 0.640625 0.253125
5 0.56875 0.275 0.603125 0.275 0.603125 0.303125 0.56875 0.303125
5 0.5515625 0.3015625 0.578125 0.3015625 0.578125 0.334375 0.5515625 0.334375
5 0.5109375 0.2765625 0.540625 0.2765625 0.540625 0.303125 0.5109375 0.303125
5 0.46875 0.303125 0.496875 0.303125 0.496875 0.328125 0.46875 0.328125
5 0.515625 0.421875 0.5390625 0.421875 0.5390625 0.44375 0.515625 0.44375
5 0.7046875 0.3296875 0.721875 0.3296875 0.721875 0.340625 0.7046875 0.340625
5 0.5984375 0.265625 0.646875 0.265625 0.646875 0.2859375 0.5984375 0.2859375
5 0.5984375 0.21875 0.61875 0.21875 0.61875 0.2328125 0.5984375 0.2328125
5 0.65625 0.2921875 0.6875 0.2921875 0.6875 0.309375 0.65625 0.309375
5 0.5984375 0.3078125 0.646875 0.3078125 0.646875 0.3234375 0.5984375 0.3234375
5 0.6125 0.334375 0.6484375 0.334375 0.6484375 0.35625 0.6125 0.35625
5 0.56875 0.36875 0.5890625 0.36875 0.5890625 0.3890625 0.56875 0.3890625
5 0.515625 0.35625 0.5484375 0.35625 0.5484375 0.39375 0.515625 0.39375
5 0.4640625 0.575 0.490625 0.575 0.490625 0.59375 0.4640625 0.59375
5 0.5390625 0.5140625 0.5953125 0.5140625 0.5953125 0.5390625 0.5390625 0.5390625
5 0.5640625 0.4421875 0.584375 0.4421875 0.584375 0.484375 0.5640625 0.484375
5 0.56875 0.4109375 0.5875 0.4109375 0.5875 0.43125 0.56875 0.43125
5 0.61875 0.5203125 0.6421875 0.5203125 0.6421875 0.5421875 0.61875 0.5421875
5 0.4984375 0.6125 0.55 0.6125 0.55 0.6375 0.4984375 0.6375
5 0.728125 0.4640625 0.7484375 0.4640625 0.7484375 0.48125 0.728125 0.48125
5 0.69375 0.5015625 0.7109375 0.5015625 0.7109375 0.5140625 0.69375 0.5140625
5 0.6109375 0.5703125 0.6328125 0.5703125 0.6328125 0.5875 0.6109375 0.5875
5 0.4859375 0.5578125 0.5140625 0.5578125 0.5140625 0.5734375 0.4859375 0.5734375
5 0.690625 0.365625 0.7171875 0.365625 0.7171875 0.390625 0.690625 0.390625
5 0.6671875 0.3296875 0.68125 0.3296875 0.68125 0.3453125 0.6671875 0.3453125
5 0.6734375 0.35625 0.6953125 0.35625 0.6953125 0.3671875 0.6734375 0.3671875
5 0.6375 0.390625 0.6703125 0.390625 0.6703125 0.4078125 0.6375 0.4078125
5 0.6171875 0.4078125 0.6390625 0.4078125 0.6390625 0.425 0.6171875 0.425
5 0.6640625 0.2515625 0.6890625 0.2515625 0.6890625 0.2671875 0.6640625 0.2671875