0 0.4265625 0.3625 0.45 0.3625 0.45 0.384375 0.4265625 0.384375
0 0.3328125 0.325 0.36875 0.325 0.36875 0.34375 0.3328125 0.34375
0 0.578125 0.2640625 0.6046875 0.2640625 0.6046875 0.28125 0.578125 0.28125
0 0.39375 0.2796875 0.4265625 0.2796875 0.4265625 0.3 0.39375 0.3
0 0.5859375 0.421875 0.6203125 0.421875 0.6203125 0.4359375 0.5859375 0.4359375
0 0.6671875 0.609375 0.703125 0.609375 0.703125 0.621875 0.6671875 0.621875
0 0.75 0.6125 0.76875 0.6125 0.76875 0.625 0.75 0.625
0 0.55625 0.8421875 0.571875 0.8421875 0.571875 0.8546875 0.55625 0.8546875
0 0.3796875 0.8375 0.40625 0.8375 0.40625 0.8546875 0.3796875 0.8546875
0 0.2734375 0.646875 0.2921875 0.646875 0.2921875 0.66875 0.2734375 0.66875
5 0.271875 0.5046875 0.428125 0.5046875 0.428125 0.5640625 0.271875 0.5640625
5 0.5546875 0.5140625 0.7171875 0.5140625 0.7171875 0.571875 0.5546875 0.571875