0 0.2140625 0.734375 0.2421875 0.734375 0.2421875 0.7515625 0.2140625 0.7515625
0 0.459375 0.6765625 0.5 0.6765625 0.5 0.696875 0.459375 0.696875
0 0.3515625 0.615625 0.3640625 0.615625 0.3640625 0.64375 0.3515625 0.64375
0 0.4203125 0.60625 0.45625 0.60625 0.45625 0.6375 0.4203125 0.6375
0 0.5609375 0.5015625 0.5828125 0.5015625 0.5828125 0.55 0.5609375 0.55
0 0.5671875 0.4515625 0.5796875 0.4515625 0.5796875 0.4765625 0.5671875 0.4765625
0 0.5921875 0.4546875 0.6046875 0.4546875 0.6046875 0.4703125 0.5921875 0.4703125
0 0.4234375 0.4984375 0.440625 0.4984375 0.440625 0.5125 0.4234375 0.5125
0 0.5171875 0.45625 0.540625 0.45625 0.540625 0.4890625 0.5171875 0.4890625
0 0.50625 0.546875 0.5296875 0.546875 0.5296875 0.56875 0.50625 0.56875
0 0.525 0.6796875 0.559375 0.6796875 0.559375 0.696875 0.525 0.696875
5 0.253125 0.4046875 0.440625 0.4046875 0.440625 0.4640625 0.253125 0.4640625
0 0.3375 0.4953125 0.3578125 0.4953125 0.3578125 0.5125 0.3375 0.5125
0 0.54375 0.4265625 0.5703125 0.4265625 0.5703125 0.44375 0.54375 0.44375