9 0.492609267187504 0.29010073593750396 0.48942189226863775 0.2850880282554619 0.5280393974504705 0.26053329795814567 0.5312267710809238 0.26554599600112566
9 0.6853114882698037 0.23030832124604383 0.6842440560567411 0.23604373063261908 0.6188960092794105 0.22388174159996274 0.6199634515625121 0.2181463453124798
9 0.6475659687499729 0.2411855859375253 0.648711995076269 0.2383867827586123 0.6853786793789141 0.25340039862913355 0.6842326579832161 0.2561991976276189
9 0.6154688969369317 0.23838550888504367 0.6197743428089098 0.2492916913247309 0.5279229500488327 0.2855510652457065 0.5236175549666768 0.2746449258546017
9 0.618915011025706 0.25836629445248915 0.6203534421296126 0.25224496009315317 0.6812072863680214 0.26654444219036716 0.6797688729629954 0.27266576117015584
9 0.5979837448444414 0.2717286441651632 0.599290283580558 0.2742752780610861 0.5565420934951817 0.2962064676733279 0.5552355609374899 0.29365983906251975
9 0.5543846436593185 0.29184386047802713 0.5555528662509914 0.29433701368589255 0.5295152250040474 0.3065371843182244 0.5283470062499873 0.30404403437495603
9 0.5282758841746045 0.30372669137605973 0.5285266394558903 0.30484554834770755 0.5072078633413639 0.30962331051499403 0.5069571093749801 0.30850445468755244
9 0.5748702312499745 0.29881828750003764 0.5723648880776864 0.2860252241374644 0.6444732965373987 0.27190405795965655 0.6469786702065221 0.284697080339302
9 0.5751890718750019 0.30123982968749347 0.5783254583633379 0.3008358569281713 0.5840645834063025 0.3453922328396263 0.5809281970897473 0.3457962047073542
9 0.539797728124995 0.3288454093750371 0.5368918323092657 0.3203961980671898 0.5706889818058016 0.30877285623717 0.5735948847445798 0.31722205275565585
9 0.6951873593750406 0.49355513906249976 0.7046931510598142 0.4934101000189474 0.7072316203896207 0.6597646260992287 0.6977258287520272 0.6599096630387579
9 0.6520578968750215 0.41930705312495825 0.660732086255166 0.4062743224263838 0.7132866402838545 0.4412510914308352 0.7046125120875786 0.4542837680855837