0 0.4015625 0.134375 0.4140625 0.134375 0.4140625 0.140625 0.4015625 0.140625
0 0.459375 0.196875 0.471875 0.196875 0.471875 0.2078125 0.459375 0.2078125
0 0.4453125 0.19375 0.4578125 0.19375 0.4578125 0.2 0.4453125 0.2
0 0.4125 0.15625 0.4203125 0.15625 0.4203125 0.1625 0.4125 0.1625
0 0.40625 0.16875 0.4171875 0.16875 0.4171875 0.1765625 0.40625 0.1765625
0 0.35 0.209375 0.3765625 0.209375 0.3765625 0.2203125 0.35 0.2203125
0 0.384375 0.2203125 0.3984375 0.2203125 0.3984375 0.2265625 0.384375 0.2265625
0 0.4046875 0.2234375 0.41875 0.2234375 0.41875 0.2296875 0.4046875 0.2296875
0 0.4890625 0.2453125 0.503125 0.2453125 0.503125 0.253125 0.4890625 0.253125
0 0.50625 0.234375 0.521875 0.234375 0.521875 0.24375 0.50625 0.24375
0 0.5 0.1984375 0.528125 0.1984375 0.528125 0.2140625 0.5 0.2140625
0 0.359375 0.246875 0.3671875 0.246875 0.3671875 0.2578125 0.359375 0.2578125
0 0.3484375 0.265625 0.3609375 0.265625 0.3609375 0.278125 0.3484375 0.278125
0 0.375 0.303125 0.390625 0.303125 0.390625 0.3125 0.375 0.3125
0 0.590625 0.2796875 0.6046875 0.2796875 0.6046875 0.2890625 0.590625 0.2890625
0 0.5140625 0.2484375 0.5296875 0.2484375 0.5296875 0.2578125 0.5140625 0.2578125
0 0.4453125 0.2375 0.459375 0.2375 0.459375 0.25 0.4453125 0.25
0 0.484375 0.3 0.5015625 0.3 0.5015625 0.3109375 0.484375 0.3109375
0 0.3421875 0.48125 0.3546875 0.48125 0.3546875 0.4875 0.3421875 0.4875
0 0.240625 0.490625 0.2484375 0.490625 0.2484375 0.5015625 0.240625 0.5015625
0 0.2421875 0.5046875 0.25 0.5046875 0.25 0.5109375 0.2421875 0.5109375
0 0.284375 0.51875 0.3109375 0.51875 0.3109375 0.5296875 0.284375 0.5296875
0 0.340625 0.5765625 0.353125 0.5765625 0.353125 0.5875 0.340625 0.5875
0 0.3203125 0.559375 0.3375 0.559375 0.3375 0.565625 0.3203125 0.565625
0 0.3234375 0.528125 0.3375 0.528125 0.3375 0.5359375 0.3234375 0.5359375
0 0.3078125 0.6125 0.325 0.6125 0.325 0.6265625 0.3078125 0.6265625
0 0.296875 0.5890625 0.3171875 0.5890625 0.3171875 0.60625 0.296875 0.60625
0 0.275 0.55625 0.28125 0.55625 0.28125 0.5671875 0.275 0.5671875
0 0.409375 0.3140625 0.421875 0.3140625 0.421875 0.3265625 0.409375 0.3265625
0 0.434375 0.296875 0.446875 0.296875 0.446875 0.3078125 0.434375 0.3078125
0 0.284375 0.240625 0.3015625 0.240625 0.3015625 0.2515625 0.284375 0.2515625
0 0.2140625 0.29375 0.228125 0.29375 0.228125 0.309375 0.2140625 0.309375
0 0.3828125 0.1484375 0.3984375 0.1484375 0.3984375 0.1546875 0.3828125 0.1546875
0 0.365625 0.165625 0.38125 0.165625 0.38125 0.175 0.365625 0.175
0 0.365625 0.278125 0.3796875 0.278125 0.3796875 0.2875 0.365625 0.2875
0 0.4078125 0.275 0.425 0.275 0.425 0.2859375 0.4078125 0.2859375
0 0.4609375 0.275 0.4765625 0.275 0.4765625 0.284375 0.4609375 0.284375
0 0.340625 0.1796875 0.3515625 0.1796875 0.3515625 0.1875 0.340625 0.1875
0 0.36875 0.18125 0.3859375 0.18125 0.3859375 0.19375 0.36875 0.19375
0 0.696875 0.40625 0.709375 0.40625 0.709375 0.415625 0.696875 0.415625
0 0.696875 0.5546875 0.7078125 0.5546875 0.7078125 0.56875 0.696875 0.56875
0 0.6984375 0.5359375 0.709375 0.5359375 0.709375 0.5453125 0.6984375 0.5453125
0 0.6765625 0.5109375 0.6953125 0.5109375 0.6953125 0.528125 0.6765625 0.528125
0 0.6953125 0.4390625 0.709375 0.4390625 0.709375 0.459375 0.6953125 0.459375
4 0.54375 0.44375 0.640625 0.44375 0.640625 0.5453125 0.54375 0.5453125
4 0.3515625 0.50625 0.3953125 0.50625 0.3953125 0.540625 0.3515625 0.540625
0 0.48125 0.23125 0.49375 0.23125 0.49375 0.2359375 0.48125 0.2359375
0 0.440625 0.175 0.453125 0.175 0.453125 0.184375 0.440625 0.184375
0 0.4390625 0.2125 0.453125 0.2125 0.453125 0.2296875 0.4390625 0.2296875
0 0.375 0.2453125 0.3875 0.2453125 0.3875 0.253125 0.375 0.253125