0 0.28125 0.215625 0.296875 0.215625 0.296875 0.2296875 0.28125 0.2296875
0 0.0375 0.275 0.075 0.275 0.075 0.3 0.0375 0.3
0 0.428125 0.2421875 0.4484375 0.2421875 0.4484375 0.2578125 0.428125 0.2578125
0 0.4421875 0.26875 0.465625 0.26875 0.465625 0.2828125 0.4421875 0.2828125
0 0.384375 0.2734375 0.4046875 0.2734375 0.4046875 0.2890625 0.384375 0.2890625
0 0.4953125 0.328125 0.5078125 0.328125 0.5078125 0.3390625 0.4953125 0.3390625
0 0.4953125 0.375 0.5125 0.375 0.5125 0.3890625 0.4953125 0.3890625
0 0.4453125 0.40625 0.4796875 0.40625 0.4796875 0.4203125 0.4453125 0.4203125
0 0.55 0.4953125 0.5765625 0.4953125 0.5765625 0.51875 0.55 0.51875
0 0.4859375 0.53125 0.509375 0.53125 0.509375 0.546875 0.4859375 0.546875
0 0.4796875 0.509375 0.496875 0.509375 0.496875 0.521875 0.4796875 0.521875
0 0.39375 0.6015625 0.4078125 0.6015625 0.4078125 0.6140625 0.39375 0.6140625
0 0.36875 0.6 0.3859375 0.6 0.3859375 0.615625 0.36875 0.615625
0 0.35 0.590625 0.3703125 0.590625 0.3703125 0.6046875 0.35 0.6046875
0 0.39375 0.4875 0.4234375 0.4875 0.4234375 0.509375 0.39375 0.509375
0 0.5140625 0.4125 0.534375 0.4125 0.534375 0.4390625 0.5140625 0.4390625
0 0.3609375 0.253125 0.3765625 0.253125 0.3765625 0.265625 0.3609375 0.265625
0 0.3921875 0.29375 0.4109375 0.29375 0.4109375 0.3046875 0.3921875 0.3046875