0 0.7046875 0.215625 0.7265625 0.215625 0.7265625 0.228125 0.7046875 0.228125
0 0.5875 0.196875 0.6046875 0.196875 0.6046875 0.20625 0.5875 0.20625
0 0.5953125 0.23125 0.6125 0.23125 0.6125 0.2421875 0.5953125 0.2421875
0 0.5515625 0.2296875 0.58125 0.2296875 0.58125 0.2453125 0.5515625 0.2453125
0 0.5 0.2265625 0.5171875 0.2265625 0.5171875 0.240625 0.5 0.240625
0 0.4625 0.253125 0.484375 0.253125 0.484375 0.2671875 0.4625 0.2671875
0 0.4328125 0.3 0.4640625 0.3 0.4640625 0.3171875 0.4328125 0.3171875
0 0.7703125 0.2265625 0.7875 0.2265625 0.7875 0.234375 0.7703125 0.234375
0 0.79375 0.25625 0.809375 0.25625 0.809375 0.2671875 0.79375 0.2671875
0 0.5984375 0.253125 0.6234375 0.253125 0.6234375 0.265625 0.5984375 0.265625
0 0.634375 0.2265625 0.6546875 0.2265625 0.6546875 0.2390625 0.634375 0.2390625
0 0.5140625 0.4546875 0.5328125 0.4546875 0.5328125 0.46875 0.5140625 0.46875
0 0.509375 0.475 0.5265625 0.475 0.5265625 0.4828125 0.509375 0.4828125
0 0.340625 0.4578125 0.36875 0.4578125 0.36875 0.4734375 0.340625 0.4734375
0 0.5015625 0.5828125 0.5421875 0.5828125 0.5421875 0.6078125 0.5015625 0.6078125
0 0.496875 0.5546875 0.515625 0.5546875 0.515625 0.571875 0.496875 0.571875
0 0.61875 0.5828125 0.640625 0.5828125 0.640625 0.5984375 0.61875 0.5984375
0 0.5265625 0.5921875 0.565625 0.5921875 0.565625 0.625 0.5265625 0.625
0 0.51875 0.628125 0.5453125 0.628125 0.5453125 0.653125 0.51875 0.653125
0 0.4984375 0.7015625 0.5140625 0.7015625 0.5140625 0.7125 0.4984375 0.7125
0 0.3328125 0.5296875 0.35 0.5296875 0.35 0.5609375 0.3328125 0.5609375
0 0.4203125 0.353125 0.459375 0.353125 0.459375 0.365625 0.4203125 0.365625
0 0.790625 0.334375 0.8140625 0.334375 0.8140625 0.346875 0.790625 0.346875
0 0.840625 0.3484375 0.8515625 0.3484375 0.8515625 0.3578125 0.840625 0.3578125
0 0.659375 0.475 0.678125 0.475 0.678125 0.4890625 0.659375 0.4890625
0 0.609375 0.50625 0.6265625 0.50625 0.6265625 0.51875 0.609375 0.51875
0 0.559375 0.55 0.5796875 0.55 0.5796875 0.5671875 0.559375 0.5671875
0 0.4953125 0.509375 0.515625 0.509375 0.515625 0.5234375 0.4953125 0.5234375