4 0.4703125 0.4515625 0.6390625 0.4515625 0.6390625 0.5125 0.4703125 0.5125
0 0.4984375 0.540625 0.5234375 0.540625 0.5234375 0.5546875 0.4984375 0.5546875
0 0.3015625 0.4359375 0.3265625 0.4359375 0.3265625 0.453125 0.3015625 0.453125
0 0.3234375 0.446875 0.35 0.446875 0.35 0.4671875 0.3234375 0.4671875
0 0.35625 0.434375 0.3890625 0.434375 0.3890625 0.453125 0.35625 0.453125
0 0.3578125 0.515625 0.39375 0.515625 0.39375 0.540625 0.3578125 0.540625
0 0.4859375 0.5859375 0.5421875 0.5859375 0.5421875 0.603125 0.4859375 0.603125
0 0.428125 0.5609375 0.446875 0.5609375 0.446875 0.571875 0.428125 0.571875
0 0.4015625 0.534375 0.4265625 0.534375 0.4265625 0.553125 0.4015625 0.553125
0 0.3890625 0.4109375 0.4109375 0.4109375 0.4109375 0.421875 0.3890625 0.421875
0 0.7515625 0.365625 0.765625 0.365625 0.765625 0.375 0.7515625 0.375