0 0.43125 0.2578125 0.44375 0.2578125 0.44375 0.2671875 0.43125 0.2671875
0 0.415625 0.35625 0.434375 0.35625 0.434375 0.371875 0.415625 0.371875
0 0.4640625 0.3796875 0.4875 0.3796875 0.4875 0.3984375 0.4640625 0.3984375
0 0.315625 0.3015625 0.3296875 0.3015625 0.3296875 0.3125 0.315625 0.3125
0 0.2703125 0.321875 0.2921875 0.321875 0.2921875 0.3375 0.2703125 0.3375
0 0.35625 0.3234375 0.3921875 0.3234375 0.3921875 0.3375 0.35625 0.3375
0 0.4046875 0.33125 0.4203125 0.33125 0.4203125 0.35 0.4046875 0.35
0 0.3640625 0.35 0.39375 0.35 0.39375 0.371875 0.3640625 0.371875
0 0.478125 0.3421875 0.5125 0.3421875 0.5125 0.359375 0.478125 0.359375
0 0.4953125 0.2921875 0.5171875 0.2921875 0.5171875 0.3078125 0.4953125 0.3078125
0 0.478125 0.2703125 0.4953125 0.2703125 0.4953125 0.284375 0.478125 0.284375
0 0.4984375 0.2515625 0.528125 0.2515625 0.528125 0.271875 0.4984375 0.271875
0 0.4203125 0.528125 0.4390625 0.528125 0.4390625 0.5453125 0.4203125 0.5453125
0 0.3921875 0.53125 0.415625 0.53125 0.415625 0.5625 0.3921875 0.5625
0 0.6421875 0.5515625 0.65625 0.5515625 0.65625 0.5703125 0.6421875 0.5703125
4 0.30625 0.5859375 0.3484375 0.5859375 0.3484375 0.640625 0.30625 0.640625
4 0.559375 0.5765625 0.596875 0.5765625 0.596875 0.6203125 0.559375 0.6203125
0 0.4609375 0.7484375 0.5296875 0.7484375 0.5296875 0.7828125 0.4609375 0.7828125
0 0.4046875 0.7609375 0.4578125 0.7609375 0.4578125 0.7890625 0.4046875 0.7890625
0 0.4390625 0.73125 0.48125 0.73125 0.48125 0.7484375 0.4390625 0.7484375
0 0.2609375 0.5578125 0.275 0.5578125 0.275 0.5796875 0.2609375 0.5796875
0 0.2640625 0.5859375 0.28125 0.5859375 0.28125 0.6 0.2640625 0.6
0 0.275 0.6125 0.3015625 0.6125 0.3015625 0.6296875 0.275 0.6296875
0 0.3 0.6375 0.3203125 0.6375 0.3203125 0.6578125 0.3 0.6578125
0 0.6296875 0.5875 0.6421875 0.5875 0.6421875 0.6 0.6296875 0.6
0 0.590625 0.5515625 0.61875 0.5515625 0.61875 0.5671875 0.590625 0.5671875
0 0.51875 0.3640625 0.5390625 0.3640625 0.5390625 0.3765625 0.51875 0.3765625
0 0.5171875 0.328125 0.5609375 0.328125 0.5609375 0.35625 0.5171875 0.35625
0 0.4015625 0.2875 0.4109375 0.2875 0.4109375 0.3 0.4015625 0.3
0 0.3890625 0.2765625 0.403125 0.2765625 0.403125 0.2875 0.3890625 0.2875
0 0.553125 0.3765625 0.5703125 0.3765625 0.5703125 0.3890625 0.553125 0.3890625
0 0.58125 0.3640625 0.59375 0.3640625 0.59375 0.3734375 0.58125 0.3734375
0 0.5546875 0.35625 0.578125 0.35625 0.578125 0.371875 0.5546875 0.371875