4 0.415625 0.5484375 0.4921875 0.5484375 0.4921875 0.6421875 0.415625 0.6421875
0 0.53125 0.5390625 0.559375 0.5390625 0.559375 0.55625 0.53125 0.55625
0 0.58125 0.5453125 0.6 0.5453125 0.6 0.5578125 0.58125 0.5578125
0 0.60625 0.4953125 0.6203125 0.4953125 0.6203125 0.5046875 0.60625 0.5046875
0 0.640625 0.5109375 0.6609375 0.5109375 0.6609375 0.5296875 0.640625 0.5296875
0 0.5546875 0.5671875 0.5859375 0.5671875 0.5859375 0.5875 0.5546875 0.5875
0 0.5703125 0.603125 0.5875 0.603125 0.5875 0.621875 0.5703125 0.621875
0 0.5640625 0.640625 0.5796875 0.640625 0.5796875 0.6578125 0.5640625 0.6578125
0 0.3265625 0.75 0.4203125 0.75 0.4203125 0.7734375 0.3265625 0.7734375
0 0.2671875 0.5328125 0.303125 0.5328125 0.303125 0.55625 0.2671875 0.55625
0 0.5265625 0.4046875 0.5546875 0.4046875 0.5546875 0.421875 0.5265625 0.421875
0 0.446875 0.2984375 0.4765625 0.2984375 0.4765625 0.31875 0.446875 0.31875
0 0.2734375 0.4 0.2921875 0.4 0.2921875 0.41875 0.2734375 0.41875
0 0.3796875 0.346875 0.4046875 0.346875 0.4046875 0.3625 0.3796875 0.3625
0 0.5984375 0.4421875 0.6140625 0.4421875 0.6140625 0.45625 0.5984375 0.45625
0 0.5765625 0.3875 0.5984375 0.3875 0.5984375 0.425 0.5765625 0.425
0 0.309375 0.54375 0.334375 0.54375 0.334375 0.5578125 0.309375 0.5578125
0 0.34375 0.2984375 0.3609375 0.2984375 0.3609375 0.309375 0.34375 0.309375
0 0.290625 0.3453125 0.30625 0.3453125 0.30625 0.365625 0.290625 0.365625
0 0.4921875 0.5984375 0.509375 0.5984375 0.509375 0.6109375 0.4921875 0.6109375
0 0.515625 0.5390625 0.5296875 0.5390625 0.5296875 0.553125 0.515625 0.553125
0 0.421875 0.7265625 0.4390625 0.7265625 0.4390625 0.7390625 0.421875 0.7390625
0 0.4 0.7125 0.4234375 0.7125 0.4234375 0.728125 0.4 0.728125
0 0.5125 0.6703125 0.534375 0.6703125 0.534375 0.6953125 0.5125 0.6953125
0 0.5140625 0.7203125 0.5390625 0.7203125 0.5390625 0.734375 0.5140625 0.734375
0 0.6140625 0.540625 0.6328125 0.540625 0.6328125 0.5546875 0.6140625 0.5546875
0 0.5078125 0.6296875 0.53125 0.6296875 0.53125 0.6453125 0.5078125 0.6453125