0 0.5453125 0.3125 0.565625 0.3125 0.565625 0.3203125 0.5453125 0.3203125
0 0.571875 0.3203125 0.590625 0.3203125 0.590625 0.328125 0.571875 0.328125
0 0.4984375 0.3140625 0.521875 0.3140625 0.521875 0.325 0.4984375 0.325
0 0.4328125 0.334375 0.45625 0.334375 0.45625 0.3546875 0.4328125 0.3546875
0 0.4078125 0.3953125 0.41875 0.3953125 0.41875 0.4109375 0.4078125 0.4109375
0 0.38125 0.403125 0.4046875 0.403125 0.4046875 0.4125 0.38125 0.4125
0 0.590625 0.3390625 0.6078125 0.3390625 0.6078125 0.35 0.590625 0.35
0 0.640625 0.3515625 0.6515625 0.3515625 0.6515625 0.359375 0.640625 0.359375
0 0.6234375 0.3734375 0.6421875 0.3734375 0.6421875 0.3890625 0.6234375 0.3890625
0 0.621875 0.353125 0.640625 0.353125 0.640625 0.3703125 0.621875 0.3703125
0 0.646875 0.3984375 0.6703125 0.3984375 0.6703125 0.41875 0.646875 0.41875
0 0.4578125 0.53125 0.4703125 0.53125 0.4703125 0.54375 0.4578125 0.54375
0 0.4015625 0.5109375 0.4171875 0.5109375 0.4171875 0.5296875 0.4015625 0.5296875
0 0.4265625 0.55 0.4453125 0.55 0.4453125 0.5625 0.4265625 0.5625
0 0.453125 0.5875 0.471875 0.5875 0.471875 0.6015625 0.453125 0.6015625
0 0.6 0.503125 0.621875 0.503125 0.621875 0.5125 0.6 0.5125
0 0.6390625 0.503125 0.6546875 0.503125 0.6546875 0.51875 0.6390625 0.51875
0 0.6140625 0.51875 0.6265625 0.51875 0.6265625 0.5265625 0.6140625 0.5265625
0 0.5015625 0.728125 0.5203125 0.728125 0.5203125 0.740625 0.5015625 0.740625
0 0.5953125 0.709375 0.60625 0.709375 0.60625 0.71875 0.5953125 0.71875
0 0.56875 0.715625 0.5875 0.715625 0.5875 0.728125 0.56875 0.728125
0 0.4421875 0.675 0.4609375 0.675 0.4609375 0.6921875 0.4421875 0.6921875
0 0.440625 0.6546875 0.45625 0.6546875 0.45625 0.6640625 0.440625 0.6640625
0 0.4078125 0.6046875 0.4328125 0.6046875 0.4328125 0.6203125 0.4078125 0.6203125
0 0.428125 0.6234375 0.453125 0.6234375 0.453125 0.640625 0.428125 0.640625
0 0.3703125 0.609375 0.3984375 0.609375 0.3984375 0.6265625 0.3703125 0.6265625
0 0.4140625 0.665625 0.4359375 0.665625 0.4359375 0.6765625 0.4140625 0.6765625
4 0.4171875 0.5 0.51875 0.5 0.51875 0.6046875 0.4171875 0.6046875