9 0.41698953906245606 0.4629988374999699 0.4140846165619223 0.45394264010246016 0.4910897487758348 0.4292433396774621 0.49399469771174154 0.43829948705585053
9 0.43297171718757 0.43200309999999653 0.43242185660722043 0.425446835635304 0.5074896591197557 0.4191512141673541 0.5080395487465239 0.42570744669797767
9 0.5070244624999987 0.4056978546875243 0.5084627409178211 0.40286340926574976 0.5359809300664438 0.41682619079748545 0.5345426580586263 0.4196606307381092
9 0.43684618437498557 0.41747384687505135 0.4362212785429165 0.41329188165147956 0.4863639479763151 0.4057994396427375 0.48698886468048386 0.4099813915786254
9 0.49558587343744875 0.3878157218749935 0.4963841695669089 0.3856835723962651 0.5252576060754564 0.3964935206291251 0.5244593145736189 0.39862566618682904
9 0.49154741382437805 0.3872865807600636 0.4921947283647796 0.39111125999445256 0.3968115673591228 0.4072535596830801 0.3961642781249566 0.40342890312501817
9 0.5367718664521135 0.3839774913416578 0.5361906757556198 0.3828151607478415 0.5428698207524576 0.3794755898562311 0.5434510115352396 0.3806379199453736
9 0.5434510109374742 0.3806379187499481 0.5438898474208145 0.37918563461379773 0.5613988590821464 0.3844760879907223 0.5609600244139301 0.3859283705774133
9 0.5364753400605196 0.3833844616740833 0.5366012670906457 0.3842659062576718 0.5285063984360931 0.3854223207238537 0.5283804718749252 0.3845408765624983
9 0.5748740844098847 0.39132118156620777 0.5741985585534621 0.393064029310974 0.5602845032046844 0.3876711993316983 0.5609600296875215 0.3859283531249561
9 0.4160799865127274 0.5163790117592393 0.4177660194169448 0.518663111442908 0.38256069451313124 0.544648054256668 0.3808746705371959 0.542363962649628
9 0.36796280366002065 0.52572137078042 0.36679844021671215 0.5234375912272913 0.4109821125648523 0.5009127096705426 0.4121464773626258 0.5031964804121857
9 0.34780608762525844 0.5022399203346433 0.3472202509950648 0.5029980054498957 0.33843004959896916 0.49620558603657605 0.33901588593744236 0.49544750156253736
9 0.36882801761896644 0.5043413233374093 0.3687532408049492 0.5065097901667985 0.35127361412469327 0.5059070607886046 0.3513483937500723 0.5037385968750325
9 0.4226775448796616 0.5225192660315802 0.42658869777653763 0.5248145327366446 0.394477356365428 0.5795275185521888 0.39056621250006174 0.5772322640625062
9 0.37442302343742995 0.616888406249986 0.3699273522865951 0.61505850579469 0.3860706152253215 0.5754023881775381 0.3905662553509046 0.5772322815044185