0 0.5515625 0.253125 0.571875 0.253125 0.571875 0.2625 0.5515625 0.2625
0 0.4953125 0.275 0.5109375 0.275 0.5109375 0.284375 0.4953125 0.284375
0 0.4703125 0.2859375 0.4859375 0.2859375 0.4859375 0.296875 0.4703125 0.296875
0 0.4515625 0.2984375 0.4640625 0.2984375 0.4640625 0.3078125 0.4515625 0.3078125
0 0.43125 0.3015625 0.446875 0.3015625 0.446875 0.309375 0.43125 0.309375
0 0.421875 0.3515625 0.434375 0.3515625 0.434375 0.359375 0.421875 0.359375
0 0.40625 0.3765625 0.41875 0.3765625 0.41875 0.3875 0.40625 0.3875
0 0.459375 0.3515625 0.4734375 0.3515625 0.4734375 0.3609375 0.459375 0.3609375
0 0.4375 0.359375 0.459375 0.359375 0.459375 0.375 0.4375 0.375
0 0.49375 0.3546875 0.50625 0.3546875 0.50625 0.365625 0.49375 0.365625
0 0.5203125 0.3328125 0.5484375 0.3328125 0.5484375 0.346875 0.5203125 0.346875
0 0.459375 0.3953125 0.4703125 0.3953125 0.4703125 0.4046875 0.459375 0.4046875
0 0.4640625 0.36875 0.475 0.36875 0.475 0.38125 0.4640625 0.38125
0 0.70625 0.3421875 0.7265625 0.3421875 0.7265625 0.3515625 0.70625 0.3515625
0 0.53125 0.3953125 0.5484375 0.3953125 0.5484375 0.403125 0.53125 0.403125
0 0.5078125 0.44375 0.5203125 0.44375 0.5203125 0.4515625 0.5078125 0.4515625
0 0.521875 0.45 0.5359375 0.45 0.5359375 0.4578125 0.521875 0.4578125
0 0.515625 0.4984375 0.5296875 0.4984375 0.5296875 0.509375 0.515625 0.509375
0 0.384375 0.6 0.4015625 0.6 0.4015625 0.615625 0.384375 0.615625
0 0.3546875 0.6046875 0.3703125 0.6046875 0.3703125 0.6171875 0.3546875 0.6171875
0 0.36875 0.6171875 0.3828125 0.6171875 0.3828125 0.628125 0.36875 0.628125
0 0.28125 0.6328125 0.2953125 0.6328125 0.2953125 0.6453125 0.28125 0.6453125
0 0.75625 0.6578125 0.771875 0.6578125 0.771875 0.671875 0.75625 0.671875
0 0.759375 0.6375 0.7734375 0.6375 0.7734375 0.6484375 0.759375 0.6484375
0 0.59375 0.3859375 0.6140625 0.3859375 0.6140625 0.3953125 0.59375 0.3953125
0 0.575 0.4 0.5890625 0.4 0.5890625 0.4109375 0.575 0.4109375
0 0.615625 0.3984375 0.6453125 0.3984375 0.6453125 0.409375 0.615625 0.409375
0 0.4015625 0.34375 0.415625 0.34375 0.415625 0.3578125 0.4015625 0.3578125
0 0.7875 0.5859375 0.8015625 0.5859375 0.8015625 0.5953125 0.7875 0.5953125
0 0.6734375 0.6171875 0.6875 0.6171875 0.6875 0.628125 0.6734375 0.628125
0 0.6765625 0.5953125 0.6875 0.5953125 0.6875 0.60625 0.6765625 0.60625
0 0.6953125 0.6109375 0.728125 0.6109375 0.728125 0.61875 0.6953125 0.61875
0 0.3375 0.6171875 0.3515625 0.6171875 0.3515625 0.6296875 0.3375 0.6296875
0 0.4 0.578125 0.4140625 0.578125 0.4140625 0.5875 0.4 0.5875