9 0.5777641078125271 0.1907679468749841 0.576635414626935 0.17798888768581564 0.7079840228493595 0.16638765918745596 0.7091127569276523 0.17916666916897744
9 0.5566927206816672 0.23621620885977618 0.5504053445596355 0.23330120276759309 0.5714767603801647 0.18785295072689326 0.5777641190384202 0.19076795207966296
9 0.48951857940710397 0.23908407867167453 0.48408057435813134 0.2396024228069301 0.47944683884134065 0.19099002390910505 0.4848848267224639 0.1904716805941852
9 0.4235331750102205 0.17349977942688694 0.4238487777578257 0.17534233534349067 0.34961139686436127 0.18805791455707566 0.3492957984374243 0.18621536249996984
9 0.4237594828124429 0.1748210125000238 0.42510875195978315 0.16836552359792398 0.4908678005524507 0.182109721271359 0.48951854493850533 0.18856519830027
9 0.38785906406258164 0.19727754531246372 0.38775316191254205 0.1947674950263534 0.45501840340136823 0.19192947454921297 0.45512431033023404 0.19443951967774645
9 0.59113912968769 0.15733058281252926 0.5914976647839012 0.14871700268273036 0.6927150411404455 0.1529299758743082 0.6923565275108103 0.16154353530796176
9 0.6234857323810274 0.1393688856417397 0.6242471193212396 0.15430829245488478 0.36086630305874223 0.16773051179665335 0.36010501214991564 0.1527911933776445
9 0.42954908281205917 0.13099692812503508 0.42954908389879165 0.1304094654153847 0.49304618628514163 0.1304095463604458 0.4930461859382831 0.1309970083180506
9 0.3920587718749857 0.13722118749996717 0.39139716785280143 0.1341100567428969 0.44828938049465705 0.1220115635594311 0.44895098705444525 0.1251226905944063
9 0.39205876771836756 0.13722116972220627 0.39254352424302397 0.1392944539208752 0.3638910206299215 0.14599367350468712 0.36340626562491707 0.14392039062501566
9 0.57418137187517 0.10808715156250731 0.5748653340480132 0.10074159218874074 0.6611683276254325 0.10877737199034736 0.6604843767869397 0.11612292120731835
9 0.5951586628725636 0.12634974693894793 0.5956968933930966 0.13188459409412906 0.4512529951716715 0.14593064045404963 0.4507147828124971 0.14039581093744916
9 0.6244499125000402 0.19561424687498777 0.6244864824815295 0.189305734608447 0.7259054461923142 0.18989348333390937 0.7258688951330896 0.1962019772342051