0 0.0609375 0.2625 0.0890625 0.2625 0.0890625 0.2875 0.0609375 0.2875
0 0.1765625 0.5875 0.20625 0.5875 0.20625 0.60625 0.1765625 0.60625
0 0.2796875 0.51875 0.3 0.51875 0.3 0.5390625 0.2796875 0.5390625
0 0.384375 0.51875 0.4125 0.51875 0.4125 0.5390625 0.384375 0.5390625
0 0.4453125 0.5453125 0.5265625 0.5453125 0.5265625 0.6078125 0.4453125 0.6078125
0 0.675 0.5984375 0.7140625 0.5984375 0.7140625 0.6390625 0.675 0.6390625
0 0.565625 0.6390625 0.6734375 0.6390625 0.6734375 0.6953125 0.565625 0.6953125
0 0.5265625 0.8171875 0.5453125 0.8171875 0.5453125 0.83125 0.5265625 0.83125
0 0.2953125 0.5734375 0.3609375 0.5734375 0.3609375 0.621875 0.2953125 0.621875
0 0.5546875 0.5828125 0.5921875 0.5828125 0.5921875 0.6109375 0.5546875 0.6109375
0 0.553125 0.5203125 0.58125 0.5203125 0.58125 0.540625 0.553125 0.540625
0 0.528125 0.703125 0.559375 0.703125 0.559375 0.725 0.528125 0.725
0 0.4734375 0.6265625 0.5046875 0.6265625 0.5046875 0.646875 0.4734375 0.646875
1 0.3203125 0.165625 0.3515625 0.165625 0.3515625 0.2453125 0.3203125 0.2453125