9 0.41611356804207844 0.3386053636046654 0.41393684771969674 0.33496593498563637 0.44887725831347325 0.31406896403714013 0.45105397814506887 0.31770838509527394
9 0.3829492671875414 0.34455128281245523 0.3827943341424316 0.34371657699319064 0.41567961375312734 0.33761279536138106 0.41583454790838914 0.33844749973983135
9 0.44409184062510576 0.3504712015625061 0.44678025594714654 0.33013428049910276 0.6748028137579922 0.3602750480228546 0.6721146781165999 0.3806117174998733
9 0.3900144627421014 0.40469709306681806 0.389318553369435 0.40292898686982515 0.4278315747317265 0.3877713347419712 0.42852748581685773 0.38953943647988826
9 0.28246695312498105 0.45272435937501876 0.2776809651094254 0.44365797881228275 0.36430688156519864 0.3979320000168638 0.36909287591640805 0.40699832302220207
9 0.5431859968749677 0.3826956468750335 0.5458203674455717 0.3719279746660775 0.679773169298528 0.40469820135024703 0.6771389013775888 0.41546578554164354
9 0.5772150765625383 0.4154647437499864 0.5775351808150617 0.41516065663649304 0.5856199606054133 0.42367082819551694 0.5852998565759435 0.4239749150808435
9 0.5852864995499658 0.4239837757392737 0.5865046951636259 0.4231755465643601 0.5957385558990609 0.4370924143676789 0.5945203609991268 0.43790064265745426
9 0.5320526695040826 0.44986405090520865 0.5317067276364469 0.4502175114487191 0.5182544523111119 0.4370521772796717 0.5186003937500345 0.4366987171874846
9 0.48234799498527536 0.4020316656172819 0.48492155144606386 0.40158345614777174 0.49459827412226787 0.457142818437146 0.49202471808666814 0.4575910262504148
9 0.43981217804127937 0.40533972897051246 0.4480317395662041 0.4056520578362922 0.44531763175371 0.47707514766990805 0.43709807031245873 0.476762820312498
9 0.4175598421874156 0.46874999999997796 0.4145265535745466 0.46719752514963764 0.4245748027949503 0.44756612340170293 0.42760808366040237 0.44911859585721203