9 0.4238920999999891 0.302471596874998 0.42599053001345055 0.2881332054725829 0.49409223833777105 0.29809956352422917 0.4919938586033368 0.3124379099528
9 0.5387173031250541 0.2991811968750428 0.5407237366574691 0.282514226282806 0.6135936170120431 0.2912862646607712 0.6115872439171426 0.3079531802028356
9 0.5368413985322604 0.2770578695358275 0.5375475591428085 0.28928092299186914 0.48358155392384106 0.2923985419494419 0.4828754234374628 0.2801755171874732
9 0.45384710156258734 0.2503426328124944 0.4541220840027336 0.24888382031363313 0.47971998083494327 0.25370885417504013 0.47944500005235113 0.25516766521497536
9 0.41525479999995696 0.2571257718750084 0.4148312270772294 0.2547158920883612 0.4534235356609315 0.24793281270560583 0.4538471114154845 0.2503426888694621
9 0.5345159796875123 0.2561291609374915 0.53427753558924 0.2541080699487538 0.5732496249822816 0.24951028498084266 0.5734880717126316 0.2515313729219167
9 0.5089542489201904 0.26523331851344517 0.5082989308749575 0.26698012112283087 0.47912006360320447 0.2560337947179337 0.4797753825791915 0.2542869942633948
9 0.5339818968442387 0.2548427515732814 0.5347729150853411 0.2567480238725407 0.5097452564497189 0.2671386108770326 0.5089542406250303 0.2652333406249614
9 0.49645028330314744 0.2294758583432552 0.4962922822703604 0.23089786375039265 0.44313156183193314 0.2249911480028654 0.44328956515323625 0.22356914524818228
9 0.5529770203124826 0.23021726249996063 0.5540874604403143 0.22415409384845725 0.6030637725638144 0.2331236887569863 0.6019533445170282 0.23918684675202231
9 0.5336113164042899 0.23568649701432087 0.5342933316001108 0.23904242917714044 0.49500132360901716 0.24702744440973018 0.4943193140624089 0.2436715171874571