9 0.561224489062397 0.38287259843747057 0.5625785722407954 0.3738425282732448 0.7295036939086685 0.39887146926567807 0.7281497120623044 0.40790144884939106
9 0.5523875056027236 0.3858092237854251 0.551845824457132 0.3878616604674644 0.47959439831879536 0.36879369296636266 0.48013608502776606 0.3667412651984456
9 0.3865350484375085 0.3376479671875484 0.3877385194873568 0.3330540927967107 0.5369174028249972 0.37213290086648243 0.5357139762772931 0.3767267370379463
9 0.3759467544105064 0.40179837011772923 0.37922226776220214 0.3885058413987754 0.5391287058928356 0.42790699654516556 0.5358533535829793 0.4411993852512253
9 0.3887533281250626 0.36882222656249847 0.3898552208493129 0.3648461877630339 0.5229516173321826 0.4017294611297099 0.5218497620822973 0.405705467950541
9 0.45419254531248043 0.3995574125000083 0.45555580690631814 0.39365969669633977 0.5811694487404111 0.4226933631546328 0.5798062418308518 0.4285910319516596
9 0.6295705016590318 0.418082062816529 0.629932953301477 0.42089128609637094 0.5811428090042909 0.42718586906165046 0.5807803671874581 0.42437665468755137
9 0.6324312328124506 0.42106423749994565 0.6326708987514849 0.4200164698835728 0.6659655745629607 0.4276318296606596 0.6657259112898828 0.4286795949643533
9 0.6656817719504033 0.42887415668218176 0.6658879129018942 0.4279697980299743 0.7144918330866403 0.4390479619929303 0.7142856955749721 0.43995231764997594
9 0.4896850046875443 0.41316870937497946 0.4916149721336751 0.4088269453306756 0.5359597739023911 0.42853765180511066 0.5340298223828768 0.4328794023177772
9 0.6915487187440021 0.45531688159749556 0.6897537827097722 0.46999483627979616 0.48511704343775364 0.44497034348211084 0.48691215625001405 0.43029259843750023
9 0.5068966032262097 0.46047925755113706 0.5007238677535497 0.4769782395537421 0.37426198147170453 0.42966754188587025 0.3804347828124719 0.4131687093749737