0 0.315625 0.4875 0.33125 0.4875 0.33125 0.5015625 0.315625 0.5015625
0 0.2625 0.4734375 0.2734375 0.4734375 0.2734375 0.4890625 0.2625 0.4890625
0 0.2796875 0.4796875 0.3109375 0.4796875 0.3109375 0.509375 0.2796875 0.509375
0 0.296875 0.5265625 0.315625 0.5265625 0.315625 0.54375 0.296875 0.54375
0 0.278125 0.5453125 0.2890625 0.5453125 0.2890625 0.55625 0.278125 0.55625
0 0.2953125 0.5609375 0.3140625 0.5609375 0.3140625 0.5765625 0.2953125 0.5765625
0 0.3140625 0.540625 0.3640625 0.540625 0.3640625 0.5609375 0.3140625 0.5609375
0 0.3421875 0.571875 0.3578125 0.571875 0.3578125 0.5859375 0.3421875 0.5859375
0 0.4625 0.5796875 0.478125 0.5796875 0.478125 0.590625 0.4625 0.590625
0 0.375 0.615625 0.3859375 0.615625 0.3859375 0.63125 0.375 0.63125
1 0.4296875 0.534375 0.46875 0.534375 0.46875 0.565625 0.4296875 0.565625