9 0.4532477609374155 0.26678504843754364 0.4534159068414283 0.26595962678090435 0.46731412815461226 0.26879075531981617 0.46714598279640995 0.2696161764992643
9 0.44230929633761207 0.26537976183724515 0.4430555250761472 0.2695253419130122 0.4120172557394426 0.2751122626323848 0.41127103307917423 0.27096668789991984
9 0.4671459843750654 0.2696161687499593 0.4676014578883496 0.26842495980174735 0.48034544677238955 0.2732976701644255 0.479889974052071 0.274488878440404
9 0.3887379234374748 0.4223278984375032 0.38423262737626374 0.42104969954086185 0.40193925501125705 0.3586418350460842 0.40644451830917205 0.35992002900960046
9 0.3930494076881814 0.2707008898424004 0.39465449796671237 0.271935542461731 0.3674427294365614 0.30731087457828743 0.3658376412930693 0.3060762243832932
9 0.3910024156250529 0.3385416671875336 0.3855326149807752 0.3293855804093297 0.4609184653883176 0.28435169078277966 0.46638826501668973 0.29350774022037357
9 0.37917673124991325 0.3632623796874808 0.3780334668152818 0.3628273325115562 0.39476559509625986 0.31885844620694687 0.39590885442044055 0.31929349229332005
9 0.37207856874999834 0.3970027312499938 0.3713200012221023 0.39684315363854034 0.3784181794902679 0.36310280509537896 0.37917674409095525 0.36326238238881986
9 0.37187933658708516 0.39698679351788696 0.3721943508262484 0.3970119933273898 0.3698047486084306 0.4268820841372066 0.3694897343749517 0.42685688437499936
9 0.3966152609375513 0.23536208593752608 0.39522530512567755 0.23254009171933138 0.41791862707952987 0.2213628080479402 0.41930858336104393 0.22418479978779138
9 0.36735651718743156 0.2561215140624937 0.3658628800704946 0.2540163852336068 0.39512164678433237 0.23325699109061113 0.39661528306737637 0.23536211712720162
9 0.35453464687509495 0.27230525312503207 0.35315391112624184 0.2712113615132493 0.3659757906688128 0.2550276294996715 0.367356524943375 0.25612152020713513
9 0.3434480671875235 0.2960824281250015 0.34224397364641845 0.2955210089066331 0.35333056636363835 0.2717438395309589 0.3545346575790518 0.27230525811588774
9 0.37250905781252186 0.3487318843750226 0.36579556950107417 0.3448066162547813 0.40617917718986973 0.27573966746400497 0.41289262475868327 0.27966492032347134
9 0.40625 0.549107142187525 0.3926308321497345 0.531693721075797 0.450666740673455 0.4863071046517705 0.464285860794007 0.50372042510964
9 0.3576498721798771 0.5598336331414884 0.3335338803871082 0.5443728661270457 0.38152161247580807 0.4695271494646082 0.40563735578348314 0.48498781012531356
9 0.38582516406245304 0.7637867640624915 0.38067913310896984 0.7627194445790193 0.4233814096644437 0.5568623112117976 0.42852723433429674 0.5579296088994999
9 0.4189133435313579 0.6087622523199103 0.42355400365704554 0.6089623605472443 0.4182082436549308 0.732918417636736 0.4135675836938617 0.732718311933045
9 0.4551273518633252 0.775754548033034 0.44617762912014314 0.7756207051148138 0.4477498302017011 0.6705156679922699 0.45669934687498426 0.6706495093749997