0 0.4828125 0.234375 0.5046875 0.234375 0.5046875 0.253125 0.4828125 0.253125
0 0.6296875 0.284375 0.6609375 0.284375 0.6609375 0.309375 0.6296875 0.309375
0 0.55625 0.228125 0.625 0.228125 0.625 0.2484375 0.55625 0.2484375
0 0.6078125 0.2546875 0.646875 0.2546875 0.646875 0.2828125 0.6078125 0.2828125
0 0.5984375 0.2875 0.615625 0.2875 0.615625 0.2984375 0.5984375 0.2984375
0 0.571875 0.3046875 0.5859375 0.3046875 0.5859375 0.3125 0.571875 0.3125
0 0.5234375 0.25625 0.553125 0.25625 0.553125 0.28125 0.5234375 0.28125
0 0.46875 0.3140625 0.5015625 0.3140625 0.5015625 0.3296875 0.46875 0.3296875
0 0.396875 0.221875 0.4375 0.221875 0.4375 0.2390625 0.396875 0.2390625
0 0.425 0.2421875 0.46875 0.2421875 0.46875 0.2671875 0.425 0.2671875
0 0.303125 0.259375 0.3609375 0.259375 0.3609375 0.2953125 0.303125 0.2953125
0 0.3546875 0.1953125 0.3875 0.1953125 0.3875 0.234375 0.3546875 0.234375
0 0.378125 0.171875 0.4390625 0.171875 0.4390625 0.1890625 0.378125 0.1890625
0 0.3640625 0.265625 0.4109375 0.265625 0.4109375 0.30625 0.3640625 0.30625
0 0.375 0.2453125 0.39375 0.2453125 0.39375 0.25625 0.375 0.25625
0 0.5359375 0.1796875 0.5828125 0.1796875 0.5828125 0.221875 0.5359375 0.221875
0 0.6265625 0.228125 0.6875 0.228125 0.6875 0.2890625 0.6265625 0.2890625
0 0.5640625 0.25625 0.5921875 0.25625 0.5921875 0.2953125 0.5640625 0.2953125
0 0.5109375 0.3 0.528125 0.3 0.528125 0.3125 0.5109375 0.3125
0 0.4859375 0.259375 0.5078125 0.259375 0.5078125 0.303125 0.4859375 0.303125
0 0.61875 0.48125 0.6421875 0.48125 0.6421875 0.4984375 0.61875 0.4984375
0 0.63125 0.50625 0.640625 0.50625 0.640625 0.5171875 0.63125 0.5171875
0 0.571875 0.4734375 0.58125 0.4734375 0.58125 0.4828125 0.571875 0.4828125
0 0.3203125 0.478125 0.353125 0.478125 0.353125 0.5 0.3203125 0.5
0 0.4421875 0.375 0.45625 0.375 0.45625 0.3859375 0.4421875 0.3859375
0 0.421875 0.315625 0.4328125 0.315625 0.4328125 0.325 0.421875 0.325
0 0.471875 0.334375 0.5140625 0.334375 0.5140625 0.3640625 0.471875 0.3640625
0 0.4078125 0.2703125 0.45 0.2703125 0.45 0.3 0.4078125 0.3
0 0.409375 0.1953125 0.4375 0.1953125 0.4375 0.2171875 0.409375 0.2171875
0 0.5 0.246875 0.528125 0.246875 0.528125 0.2609375 0.5 0.2609375
0 0.3515625 0.3 0.3609375 0.3 0.3609375 0.309375 0.3515625 0.309375