0 0.2375 0.4890625 0.259375 0.4890625 0.259375 0.5046875 0.2375 0.5046875
0 0.3125 0.65625 0.34375 0.65625 0.34375 0.678125 0.3125 0.678125
0 0.321875 0.696875 0.3546875 0.696875 0.3546875 0.71875 0.321875 0.71875
0 0.3546875 0.6640625 0.3859375 0.6640625 0.3859375 0.6828125 0.3546875 0.6828125
0 0.2765625 0.6046875 0.33125 0.6046875 0.33125 0.6234375 0.2765625 0.6234375
0 0.4453125 0.390625 0.4609375 0.390625 0.4609375 0.4046875 0.4453125 0.4046875
0 0.45 0.371875 0.4671875 0.371875 0.4671875 0.3796875 0.45 0.3796875
0 0.4125 0.434375 0.459375 0.434375 0.459375 0.4578125 0.4125 0.4578125
0 0.5796875 0.4296875 0.596875 0.4296875 0.596875 0.440625 0.5796875 0.440625
0 0.5328125 0.43125 0.5703125 0.43125 0.5703125 0.4484375 0.5328125 0.4484375
0 0.5875 0.465625 0.615625 0.465625 0.615625 0.4953125 0.5875 0.4953125
0 0.5015625 0.4078125 0.5171875 0.4078125 0.5171875 0.41875 0.5015625 0.41875
0 0.5265625 0.403125 0.5375 0.403125 0.5375 0.4171875 0.5265625 0.4171875
0 0.53125 0.4921875 0.55 0.4921875 0.55 0.50625 0.53125 0.50625
0 0.5296875 0.55 0.5453125 0.55 0.5453125 0.5640625 0.5296875 0.5640625
0 0.58125 0.5015625 0.6015625 0.5015625 0.6015625 0.5109375 0.58125 0.5109375
0 0.30625 0.5046875 0.321875 0.5046875 0.321875 0.5140625 0.30625 0.5140625
0 0.3515625 0.3890625 0.3703125 0.3890625 0.3703125 0.3984375 0.3515625 0.3984375
0 0.3953125 0.35625 0.4359375 0.35625 0.4359375 0.3625 0.3953125 0.3625
0 0.3640625 0.4640625 0.3796875 0.4640625 0.3796875 0.478125 0.3640625 0.478125
0 0.3328125 0.475 0.3484375 0.475 0.3484375 0.4859375 0.3328125 0.4859375
0 0.4125 0.6671875 0.4375 0.6671875 0.4375 0.6796875 0.4125 0.6796875
0 0.2453125 0.7109375 0.2625 0.7109375 0.2625 0.7234375 0.2453125 0.7234375
0 0.54375 0.6375 0.5875 0.6375 0.5875 0.6625 0.54375 0.6625
0 0.5703125 0.6125 0.590625 0.6125 0.590625 0.63125 0.5703125 0.63125