9 0.46345430903056695 0.0494959132800835 0.46278785875904305 0.044497497228683916 0.6393027152084869 0.020962283511694057 0.639969169422443 0.025960694105885303
9 0.3402704732601478 0.08531093012198127 0.3395239232551148 0.06602217035791441 0.7143511048319624 0.05151413230135774 0.7150977274720844 0.07080282457776461
9 0.375249281250035 0.10659597031251394 0.3756108634396469 0.10290493121287535 0.47782910886689933 0.1129183164157338 0.4774675334887206 0.11660934953511999
9 0.5878074273216498 0.07850239036891583 0.5885289434237393 0.0822739028859219 0.468406408739952 0.10525401537195671 0.46768489999999474 0.10148250937501957
9 0.598668140624909 0.0833887296874936 0.6007247844452195 0.07461136277907512 0.6947337355293257 0.09663870345450218 0.6926771051412288 0.10541605872117023
9 0.49167882812503194 0.19234475781246402 0.4733018587312472 0.15956833251774385 0.6353595039449829 0.06870675406182036 0.6537364744274328 0.10148305456640884
9 0.46099805061851384 0.1408168150845044 0.47328949690120226 0.1411832208018198 0.4689627415107225 0.28632681024011075 0.4566712953125034 0.2859604062499996
9 0.18620022031245753 0.47647644531249805 0.18584692815375092 0.4740378163486721 0.249124577413113 0.4648711046141317 0.24947787874771166 0.46730972220682726
9 0.14188062968753457 0.536931159375005 0.13736976608981877 0.5347095636207857 0.15825637125556113 0.4923036435524979 0.16276720684311385 0.4945252310968016
9 0.3359774542308287 0.45148610439206915 0.33768002864132995 0.4552357603968828 0.2827592977432687 0.4801713978045929 0.2810567421875021 0.4764217578124829
9 0.2016225515625365 0.49918723281245125 0.20095546820596155 0.4967045888750562 0.2807462544858481 0.4752662579278639 0.2814133473589209 0.4777488865495612
9 0.177746365625012 0.5379860328124957 0.16779947611655643 0.531865344679153 0.19167577080474985 0.4930666001138657 0.20162260658025843 0.4991872666670364