0 0.3875 0.43125 0.4125 0.43125 0.4125 0.4578125 0.3875 0.4578125
0 0.4109375 0.4125 0.4453125 0.4125 0.4453125 0.4328125 0.4109375 0.4328125
0 0.428125 0.4515625 0.4421875 0.4515625 0.4421875 0.4640625 0.428125 0.4640625
0 0.3703125 0.3546875 0.4 0.3546875 0.4 0.375 0.3703125 0.375
0 0.3765625 0.3875 0.3921875 0.3875 0.3921875 0.425 0.3765625 0.425
1 0.1984375 0.346875 0.278125 0.346875 0.278125 0.409375 0.1984375 0.409375
0 0.11875 0.34375 0.14375 0.34375 0.14375 0.3640625 0.11875 0.3640625
0 0.1375 0.328125 0.1703125 0.328125 0.1703125 0.3375 0.1375 0.3375
0 0.14375 0.36875 0.1609375 0.36875 0.1609375 0.38125 0.14375 0.38125
0 0.153125 0.3546875 0.1875 0.3546875 0.1875 0.3734375 0.153125 0.3734375
0 0.1546875 0.3984375 0.1828125 0.3984375 0.1828125 0.4109375 0.1546875 0.4109375
0 0.1171875 0.4140625 0.15 0.4140625 0.15 0.4265625 0.1171875 0.4265625
0 0.2984375 0.440625 0.315625 0.440625 0.315625 0.4484375 0.2984375 0.4484375
0 0.321875 0.3921875 0.340625 0.3921875 0.340625 0.4 0.321875 0.4
0 0.3453125 0.375 0.3546875 0.375 0.3546875 0.3859375 0.3453125 0.3859375
0 0.30625 0.5703125 0.328125 0.5703125 0.328125 0.5859375 0.30625 0.5859375
4 0.3 0.565625 0.371875 0.565625 0.371875 0.6234375 0.3 0.6234375
0 0.1640625 0.58125 0.19375 0.58125 0.19375 0.6109375 0.1640625 0.6109375
0 0.0859375 0.3984375 0.109375 0.3984375 0.109375 0.4125 0.0859375 0.4125
0 0.0859375 0.359375 0.10625 0.359375 0.10625 0.39375 0.0859375 0.39375
0 0.125 0.378125 0.190625 0.378125 0.190625 0.3984375 0.125 0.3984375
0 0.096875 0.3234375 0.128125 0.3234375 0.128125 0.35 0.096875 0.35
0 0.1640625 0.4296875 0.1796875 0.4296875 0.1796875 0.4390625 0.1640625 0.4390625
0 0.1171875 0.4421875 0.1328125 0.4421875 0.1328125 0.4546875 0.1171875 0.4546875
0 0.3359375 0.6890625 0.3515625 0.6890625 0.3515625 0.6984375 0.3359375 0.6984375