0 0.365625 0.4203125 0.39375 0.4203125 0.39375 0.4515625 0.365625 0.4515625
0 0.365625 0.3765625 0.384375 0.3765625 0.384375 0.3890625 0.365625 0.3890625
0 0.390625 0.4625 0.425 0.4625 0.425 0.503125 0.390625 0.503125
0 0.4234375 0.5375 0.4390625 0.5375 0.4390625 0.5515625 0.4234375 0.5515625
0 0.4796875 0.565625 0.5171875 0.565625 0.5171875 0.609375 0.4796875 0.609375
0 0.5421875 0.6015625 0.5671875 0.6015625 0.5671875 0.6140625 0.5421875 0.6140625
0 0.565625 0.609375 0.6234375 0.609375 0.6234375 0.6421875 0.565625 0.6421875
0 0.6390625 0.609375 0.65 0.609375 0.65 0.621875 0.6390625 0.621875
0 0.6234375 0.6390625 0.65 0.6390625 0.65 0.6609375 0.6234375 0.6609375
0 0.6609375 0.6125 0.7078125 0.6125 0.7078125 0.6390625 0.6609375 0.6390625
0 0.6078125 0.471875 0.6375 0.471875 0.6375 0.4859375 0.6078125 0.4859375
0 0.5140625 0.4125 0.5328125 0.4125 0.5328125 0.43125 0.5140625 0.43125
0 0.671875 0.2703125 0.7015625 0.2703125 0.7015625 0.2875 0.671875 0.2875
0 0.6671875 0.203125 0.6890625 0.203125 0.6890625 0.2171875 0.6671875 0.2171875
0 0.6609375 0.2203125 0.696875 0.2203125 0.696875 0.25625 0.6609375 0.25625
0 0.6125 0.1796875 0.659375 0.1796875 0.659375 0.2046875 0.6125 0.2046875
0 0.6640625 0.13125 0.7109375 0.13125 0.7109375 0.1625 0.6640625 0.1625
0 0.6234375 0.15 0.65625 0.15 0.65625 0.1734375 0.6234375 0.1734375
0 0.6953125 0.171875 0.74375 0.171875 0.74375 0.2375 0.6953125 0.2375
4 0.4625 0.4484375 0.5109375 0.4484375 0.5109375 0.51875 0.4625 0.51875
0 0.6 0.3734375 0.665625 0.3734375 0.665625 0.3984375 0.6 0.3984375
0 0.534375 0.5765625 0.5859375 0.5765625 0.5859375 0.5953125 0.534375 0.5953125
0 0.6734375 0.33125 0.6921875 0.33125 0.6921875 0.365625 0.6734375 0.365625
5 0.43125 0.3265625 0.6171875 0.3265625 0.6171875 0.3859375 0.43125 0.3859375
5 0.7015625 0.35 0.7984375 0.35 0.7984375 0.403125 0.7015625 0.403125