5 0.3734375 0.378125 0.55 0.378125 0.55 0.4453125 0.3734375 0.4453125
5 0.2203125 0.4234375 0.2984375 0.4234375 0.2984375 0.4640625 0.2203125 0.4640625
0 0.4875 0.496875 0.565625 0.496875 0.565625 0.5203125 0.4875 0.5203125
0 0.525 0.421875 0.5609375 0.421875 0.5609375 0.440625 0.525 0.440625
0 0.575 0.540625 0.5984375 0.540625 0.5984375 0.5671875 0.575 0.5671875
0 0.546875 0.521875 0.565625 0.521875 0.565625 0.5328125 0.546875 0.5328125
0 0.528125 0.5890625 0.5609375 0.5890625 0.5609375 0.6234375 0.528125 0.6234375
0 0.5234375 0.5296875 0.54375 0.5296875 0.54375 0.55 0.5234375 0.55
0 0.428125 0.6890625 0.4578125 0.6890625 0.4578125 0.7046875 0.428125 0.7046875
0 0.4359375 0.6546875 0.4796875 0.6546875 0.4796875 0.6796875 0.4359375 0.6796875
0 0.3171875 0.6765625 0.3515625 0.6765625 0.3515625 0.69375 0.3171875 0.69375
0 0.371875 0.671875 0.4 0.671875 0.4 0.6875 0.371875 0.6875
0 0.4046875 0.709375 0.4359375 0.709375 0.4359375 0.7328125 0.4046875 0.7328125
0 0.6203125 0.4265625 0.65625 0.4265625 0.65625 0.54375 0.6203125 0.54375
0 0.3171875 0.2453125 0.3484375 0.2453125 0.3484375 0.2703125 0.3171875 0.2703125
0 0.2734375 0.225 0.3046875 0.225 0.3046875 0.2453125 0.2734375 0.2453125
0 0.2328125 0.2625 0.26875 0.2625 0.26875 0.3140625 0.2328125 0.3140625
0 0.2796875 0.2765625 0.3109375 0.2765625 0.3109375 0.3015625 0.2796875 0.3015625
0 0.2984375 0.3296875 0.31875 0.3296875 0.31875 0.3421875 0.2984375 0.3421875
0 0.321875 0.3453125 0.3421875 0.3453125 0.3421875 0.3609375 0.321875 0.3609375
0 0.2734375 0.3375 0.290625 0.3375 0.290625 0.35 0.2734375 0.35
0 0.24375 0.3203125 0.271875 0.3203125 0.271875 0.3359375 0.24375 0.3359375
0 0.209375 0.50625 0.2375 0.50625 0.2375 0.58125 0.209375 0.58125
0 0.4453125 0.61875 0.4984375 0.61875 0.4984375 0.6484375 0.4453125 0.6484375
0 0.4859375 0.5640625 0.5125 0.5640625 0.5125 0.6 0.4859375 0.6