9 0.29432043846725264 0.19715480242541894 0.29265921919693483 0.20127420510420463 0.23083440437164882 0.17634250894642578 0.2324956265624678 0.17222311406251023
9 0.3238404116351603 0.193055246125715 0.3242276965726205 0.1958438836844889 0.29470767436464484 0.19994355225359453 0.29432039218750106 0.19715491718749215
9 0.3238517640625105 0.19313698906252508 0.32433377286781706 0.19054748803628802 0.3697397527936346 0.19899922274922352 0.36925774806297795 0.20158872014721108
9 0.3739736937500311 0.19946667343752253 0.3745815801230492 0.19830738438677795 0.3920039682058132 0.20744289276746053 0.3913960826566836 0.2086021811116049
9 0.4244342315149652 0.23058909641173733 0.4236110744254802 0.23182597679502553 0.39057293073165056 0.20983905062594607 0.39139608749997024 0.20860217187504254
9 0.42443420624999817 0.2305891343749651 0.42653341200536943 0.22800206044727628 0.4553005904259635 0.25134393733229726 0.45320138847364433 0.2539310077352618
9 0.1353473515624728 0.2051253031249674 0.13384274500697302 0.20051079040395373 0.2146574836176569 0.17416057159370799 0.21616209609146608 0.17877507290616357
9 0.20514320000006592 0.1980520171875072 0.20529456460747042 0.19761471019024823 0.22625094113527666 0.20486822133852825 0.2260995768773455 0.20530552803953858
9 0.22612387343747287 0.2052353328125305 0.22668587873943125 0.20389296537437201 0.2585236682418781 0.21722221299582234 0.25796166470001936 0.2185645789409794
9 0.3475900031249921 0.2199968093750234 0.34876907037016736 0.21828588662583565 0.3991504282890901 0.25300516735692735 0.39797136533650246 0.2547160863095111
9 0.40085452812502353 0.2511016640625081 0.40542959846300164 0.24547778181588897 0.4332535865386262 0.26811233610188795 0.42867852474546453 0.27373621037334506
9 0.43987889531251767 0.2722110031249842 0.4405406442421054 0.2715050932790888 0.45197678240867845 0.2822255491907279 0.4513150339588492 0.2829314585692306
9 0.22914055535318312 0.23416647496006554 0.23997184809525152 0.20831372040446203 0.45394936727711865 0.29795934687148695 0.4431183593081869 0.3238118599469032
9 0.4240870487782331 0.34080137266905197 0.4227306035670608 0.3416491970112278 0.4117595178919373 0.324097007824017 0.41311596093748904 0.3232491843750278
9 0.4273446902740261 0.3499393007994706 0.42821668963051707 0.34969014689816236 0.43800669595009367 0.38395224974229103 0.43713469679698846 0.3842014031474171
9 0.4371347078125609 0.3842013999999959 0.43767548614027874 0.3841118648061312 0.44388587202161034 0.421619797031387 0.4433450937450516 0.42170933201659544
9 0.12355751249992863 0.26878487968747783 0.11478176371167592 0.2642090116132326 0.14126666807146648 0.21341636449311358 0.150042386960763 0.21799222314497685
9 0.13585197500003687 0.26809956874999824 0.13353927715854752 0.2638342307423835 0.15888486417577496 0.2500919397231539 0.1611975624128945 0.25435727289319277
9 0.2217293132280247 0.26671363297414746 0.2209468289842107 0.2706901792976091 0.16628152633984428 0.2599335936201127 0.1670640171874993 0.25595705624997867
9 0.3176699832710028 0.28773862359234675 0.3174866759854922 0.2905945369607138 0.2614670658789464 0.2869989220163716 0.2616503796875804 0.2841430156250204
9 0.3261019312500366 0.29233741874998465 0.32704273662943706 0.2908390114876001 0.34376330857276116 0.30133707833995743 0.34282250472188025 0.3028354842630385
9 0.36185200465104117 0.3157567246358548 0.3610139895898783 0.3169858876074858 0.3420088143280964 0.30402896707831784 0.34284682907741626 0.3027998054311593
9 0.40423428124995553 0.5687865312500163 0.40524045943266174 0.5671625498040466 0.41861798495165203 0.5754501000708189 0.4176118093160994 0.5770740792888627
9 0.4248240598907387 0.5826991140824818 0.4247055947080298 0.5828509904041905 0.4174933536255594 0.5772259402611292 0.4176118187500606 0.5770740640624558
9 0.4248240562500314 0.5826991187499967 0.4270934546183298 0.5805581253225649 0.44304953291043603 0.5974693739298416 0.4407801389072574 0.5996103628827919
9 0.4449485275662255 0.6058623373517631 0.4445458671405049 0.606130771527137 0.44037750248025986 0.5998787746153738 0.44078016250000474 0.5996103406250034
9 0.4516372937499682 0.6045537812499839 0.45266442471279333 0.6019517919797562 0.46371542651149866 0.6063136664390792 0.4626882989128944 0.6089156528577911
9 0.47228523070191386 0.6067347016510599 0.4730193757847019 0.6099648371627189 0.4634224448088844 0.6121457747497282 0.46268830312510545 0.6089156421874905
9 0.4265301765624372 0.5629384078124453 0.4265085058676732 0.5624183087413417 0.4314584369911927 0.5622120812982769 0.43148010789684577 0.5627321801487237
9 0.42653017639270274 0.5629383973531509 0.4265391652774042 0.5634923901831671 0.4155850946070814 0.5636701048090709 0.4155761062500005 0.5631161125000383
9 0.4696678774398606 0.5583180552113584 0.4702608067638039 0.5590239150160092 0.4584827673943437 0.568916624497894 0.45788983906254543 0.5682107656250145
9 0.43148010781249013 0.5627321781249708 0.4318558605301632 0.5621309797209231 0.4340655429406297 0.5635119115030738 0.43368979037643385 0.56411310977273
9 0.43626325676041233 0.566914360512126 0.4358771030997559 0.5672361520837546 0.4334446141396029 0.5643174211292082 0.43383076764428097 0.5639956296628813
9 0.43963100973667224 0.5680549520573674 0.43941296308423716 0.5686987020808638 0.4360452094987295 0.5675581107631796 0.43626325624995843 0.566914360937519
9 0.4578898393219788 0.568210735217124 0.4578698406867261 0.5705546763958884 0.439611007061103 0.570398890591815 0.4396310093750344 0.5680549531250416