9 0.6622783671874686 0.2982154562499653 0.662841865117457 0.29625502152659183 0.706568541519573 0.3088232158449375 0.7060050484105886 0.3107836464453202
9 0.7060050734374954 0.31078355937501756 0.7073589861166738 0.3084777376426593 0.736636139113898 0.3256679086609445 0.7352822308166651 0.32797372659160157
9 0.5003281890625431 0.2937167312499758 0.5003183587281228 0.2929324983072038 0.5455026489294141 0.2923660841448678 0.5455124808225946 0.29315031550700726
9 0.4827936687499914 0.29568284062503264 0.4827636187631015 0.29541484731283707 0.500298140431255 0.29344875188621194 0.5003281906027723 0.29371674498731604
9 0.6051503513538137 0.2978947783734115 0.6048355422033183 0.3011426179412683 0.5452971492372853 0.29537169631287713 0.5456119661947696 0.29212386545030306
9 0.6051503406250731 0.2978948890625099 0.6057995967670422 0.2925167774655436 0.6766410143128496 0.30106858777074685 0.6759917774929818 0.30644668152121113
9 0.5110272171872339 0.26275884062501725 0.5110443375345994 0.2621372441996477 0.546850400290964 0.26312338500189275 0.54683328085207 0.26374498054045603
9 0.5808044191356885 0.2694069283402365 0.5802415222839272 0.27250372180833116 0.5546968756165143 0.26786061831249997 0.5552597749999677 0.26476382812502136
9 0.5892633417158777 0.2757978783330082 0.5893015255121554 0.2745088070495534 0.6300496356536769 0.2757157529298343 0.6300114541286348 0.27700482200277493
9 0.5029604850154783 0.2887181244067871 0.5031192044705222 0.28966058421519825 0.47992736522360246 0.2935662025780934 0.4797686468749589 0.2926237437500342
9 0.44286336562493034 0.30296410937498197 0.44225146507073987 0.3007802444030091 0.47915676098352833 0.29043994309186355 0.4797686638333971 0.29262380427371715
9 0.5572400738317356 0.3387410222189213 0.5576171204833145 0.33912248484368757 0.54552806776951 0.3510711552608783 0.5451510214599011 0.3506896929767579
9 0.5380719843749375 0.36042004374998954 0.5378138060439142 0.3602151145778334 0.5452504162011564 0.3508465238907991 0.5455085943173117 0.3510514529307677
9 0.610190937026573 0.3591318855824488 0.6097731240338362 0.35949660750120677 0.6002829483289815 0.3486254013218533 0.6007007609374568 0.34826067968753627
9 0.6101909312500311 0.35913189062499884 0.6109711472395247 0.3585447532315832 0.6216952398765443 0.37279485858729683 0.6209150243947761 0.373381995397139