0 0.5859375 0.29375 0.6390625 0.29375 0.6390625 0.35 0.5859375 0.35
0 0.6421875 0.325 0.6984375 0.325 0.6984375 0.375 0.6421875 0.375
0 0.2609375 0.265625 0.284375 0.265625 0.284375 0.2796875 0.2609375 0.2796875
0 0.228125 0.28125 0.24375 0.28125 0.24375 0.290625 0.228125 0.290625
0 0.225 0.3125 0.2421875 0.3125 0.2421875 0.3515625 0.225 0.3515625
0 0.3 0.4625 0.334375 0.4625 0.334375 0.48125 0.3 0.48125
4 0.3796875 0.4609375 0.4609375 0.4609375 0.4609375 0.528125 0.3796875 0.528125
0 0.5171875 0.4296875 0.5609375 0.4296875 0.5609375 0.4625 0.5171875 0.4625
0 0.4828125 0.4734375 0.5328125 0.4734375 0.5328125 0.5234375 0.4828125 0.5234375
0 0.5359375 0.4765625 0.5796875 0.4765625 0.5796875 0.5109375 0.5359375 0.5109375
0 0.603125 0.4390625 0.6703125 0.4390625 0.6703125 0.478125 0.603125 0.478125
0 0.63125 0.415625 0.65 0.415625 0.65 0.4296875 0.63125 0.4296875
0 0.709375 0.440625 0.7265625 0.440625 0.7265625 0.459375 0.709375 0.459375
0 0.725 0.4796875 0.740625 0.4796875 0.740625 0.5 0.725 0.5
0 0.63125 0.49375 0.68125 0.49375 0.68125 0.5328125 0.63125 0.5328125
0 0.703125 0.5140625 0.73125 0.5140625 0.73125 0.5296875 0.703125 0.5296875
0 0.590625 0.559375 0.6546875 0.559375 0.6546875 0.5828125 0.590625 0.5828125
0 0.5375 0.525 0.584375 0.525 0.584375 0.55 0.5375 0.55
0 0.3046875 0.4140625 0.3203125 0.4140625 0.3203125 0.425 0.3046875 0.425
0 0.5578125 0.6984375 0.575 0.6984375 0.575 0.7125 0.5578125 0.7125
0 0.5703125 0.65 0.5875 0.65 0.5875 0.6609375 0.5703125 0.6609375
0 0.5078125 0.6953125 0.5296875 0.6953125 0.5296875 0.70625 0.5078125 0.70625
0 0.4578125 0.7171875 0.484375 0.7171875 0.484375 0.7328125 0.4578125 0.7328125
0 0.453125 0.7390625 0.484375 0.7390625 0.484375 0.7578125 0.453125 0.7578125
0 0.4953125 0.7328125 0.5171875 0.7328125 0.5171875 0.7453125 0.4953125 0.7453125
0 0.6203125 0.7078125 0.6484375 0.7078125 0.6484375 0.725 0.6203125 0.725
0 0.6171875 0.6296875 0.6265625 0.6296875 0.6265625 0.64375 0.6171875 0.64375
0 0.5734375 0.415625 0.6 0.415625 0.6 0.43125 0.5734375 0.43125
0 0.5375 0.459375 0.5671875 0.459375 0.5671875 0.475 0.5375 0.475
0 0.5828125 0.4734375 0.609375 0.4734375 0.609375 0.4984375 0.5828125 0.4984375
0 0.678125 0.528125 0.69375 0.528125 0.69375 0.54375 0.678125 0.54375
0 0.6515625 0.575 0.6796875 0.575 0.6796875 0.5953125 0.6515625 0.5953125
0 0.4140625 0.5828125 0.4640625 0.5828125 0.4640625 0.5984375 0.4140625 0.5984375
0 0.3453125 0.4546875 0.3640625 0.4546875 0.3640625 0.478125 0.3453125 0.478125
0 0.2671875 0.3953125 0.2828125 0.3953125 0.2828125 0.4078125 0.2671875 0.4078125
0 0.4265625 0.4546875 0.4546875 0.4546875 0.4546875 0.4734375 0.4265625 0.4734375
0 0.4859375 0.5546875 0.5109375 0.5546875 0.5109375 0.56875 0.4859375 0.56875
0 0.4640625 0.5203125 0.4796875 0.5203125 0.4796875 0.534375 0.4640625 0.534375
0 0.4578125 0.4796875 0.4765625 0.4796875 0.4765625 0.5 0.4578125 0.5