9 0.48500047812490266 0.34551151093746896 0.484968554011175 0.3451139569132338 0.5070135243782943 0.3433437686763671 0.5070454489118674 0.3437413222388944
9 0.4465797812499659 0.3546159640624638 0.44628144382886603 0.3534359733595962 0.48008177951658126 0.3448905171073275 0.48038011837047634 0.3460705056108985
9 0.3723360691523112 0.3562012152638114 0.3723468742633713 0.35656198179289406 0.33353596839072 0.35772430951055245 0.3335251640628485 0.35736354374999674
9 0.44657977402084725 0.3546159268181913 0.44689642608670965 0.35624730546147465 0.4209227712616439 0.36128859972809957 0.4206061218750392 0.3596572234375374
9 0.4803980650617632 0.3709524242938242 0.4804975211235387 0.37215629192355654 0.4098377367793091 0.37799337057664323 0.40973828593746475 0.37678950781251347
9 0.32349761062323523 0.37477953697824756 0.3234976109380341 0.3744894582845087 0.3441340265370627 0.3744894663292351 0.3441340265621875 0.3747795446826414
9 0.3632778954790865 0.37513233376248045 0.36325306820378955 0.3756920477203163 0.3441311725256355 0.37484388291784293 0.3441560003836912 0.3742841695729234
9 0.3632733517175666 0.3752730924808206 0.3633275579106794 0.3735938514758725 0.40836101689774296 0.3750474307695424 0.40830681516251843 0.3767266674236175
9 0.5009204671279122 0.3911462329247338 0.5009445304076507 0.39166457466439786 0.46653906997971717 0.3932616891103862 0.466515007812518 0.39274334843749953
9 0.4529317388628442 0.3928902247463047 0.4531186303499908 0.3945192885844617 0.4087007163561793 0.39961476410175467 0.408513829687422 0.3979857046874467
9 0.3467291484373618 0.3917283281250301 0.3467772008182237 0.3905613769388592 0.41164060650180545 0.3932320541831747 0.41159255882541856 0.3943990008424201
9 0.3688302405533932 0.4109177705042178 0.36889972957817463 0.40966460794175774 0.41205779505241935 0.41205756646229685 0.41198830959717725 0.4133107256596653
9 0.5028475698117063 0.40885106855430675 0.5029791089623359 0.41068165834844034 0.4282637216651892 0.4160499589385465 0.4281321916781735 0.4142193777458857
9 0.553509848437443 0.40586715937501266 0.5537730311887117 0.4023093694685933 0.5884010084034799 0.4048707671995818 0.5881378337845717 0.4084285494748339
9 0.5196888843750003 0.4119094031250512 0.5195275105608061 0.41100615572984645 0.5533484857328403 0.40496398446256016 0.5535098610433806 0.40586722993250146
9 0.49066064486532923 0.5021840442036106 0.4922427530303821 0.5034428164453361 0.47143739270495644 0.5295902564385885 0.46985528749996774 0.5283314874999914
9 0.5733043593750153 0.4937246218749649 0.5730788197762422 0.4926018023897393 0.6239687037159456 0.48238025619830754 0.6241942465203465 0.48350307134724585
9 0.561167876562422 0.4956472249999598 0.5611460464740503 0.4952480285849601 0.6033347807162954 0.4929410401221377 0.6033566119995157 0.4933402352670004
9 0.2895418187499672 0.5117970953124704 0.28894348286212335 0.5077267899435819 0.33864528605954547 0.500421096166574 0.33924363489200005 0.5044913857724429
9 0.3346201859375242 0.5092821234374716 0.3345542680424387 0.5088239399457267 0.36348581509992073 0.5046619201229504 0.3635517338476575 0.5051201025759232
9 0.30456794062502013 0.518333948437474 0.30404055481892556 0.5165831355085824 0.334092818479121 0.5075313838336271 0.33462020673391635 0.5092821924766536
9 0.6357205234194225 0.43950714747383984 0.6376579575638743 0.44213890886683554 0.6104953821061372 0.4621340318671236 0.6085579546875124 0.4595022765624885
9 0.6403439309390251 0.4437368525669808 0.6431002906074355 0.44766869216081173 0.6107363741493828 0.4703554787824379 0.6079800265624726 0.4664236500000248
9 0.6513245987182472 0.45911773099956954 0.6517495049897661 0.45999578086691206 0.6329009578735167 0.4691163657568968 0.6324760531250604 0.4682383171875015
9 0.5912201203125278 0.48103543749999494 0.5907299667794632 0.479465224460641 0.6309053030593077 0.46692500634031153 0.6313954592129676 0.46849521460608745