0 0.3734375 0.4578125 0.415625 0.4578125 0.415625 0.5015625 0.3734375 0.5015625
0 0.453125 0.465625 0.478125 0.465625 0.478125 0.515625 0.453125 0.515625
0 0.35625 0.521875 0.4703125 0.521875 0.4703125 0.5515625 0.35625 0.5515625
0 0.4578125 0.2984375 0.4828125 0.2984375 0.4828125 0.3125 0.4578125 0.3125
0 0.4078125 0.309375 0.434375 0.309375 0.434375 0.325 0.4078125 0.325
0 0.3375 0.315625 0.3828125 0.315625 0.3828125 0.353125 0.3375 0.353125
0 0.684375 0.33125 0.7 0.33125 0.7 0.3671875 0.684375 0.3671875
0 0.6421875 0.4625 0.684375 0.4625 0.684375 0.50625 0.6421875 0.50625
0 0.5421875 0.471875 0.5828125 0.471875 0.5828125 0.4890625 0.5421875 0.4890625
0 0.509375 0.484375 0.5296875 0.484375 0.5296875 0.5171875 0.509375 0.5171875
0 0.4703125 0.5171875 0.50625 0.5171875 0.50625 0.540625 0.4703125 0.540625
0 0.3984375 0.6234375 0.428125 0.6234375 0.428125 0.66875 0.3984375 0.66875
0 0.371875 0.6328125 0.39375 0.6328125 0.39375 0.6484375 0.371875 0.6484375
0 0.4984375 0.7296875 0.53125 0.7296875 0.53125 0.7484375 0.4984375 0.7484375
0 0.3375 0.4125 0.365625 0.4125 0.365625 0.4359375 0.3375 0.4359375
0 0.35625 0.359375 0.3734375 0.359375 0.3734375 0.36875 0.35625 0.36875
0 0.38125 0.3390625 0.403125 0.3390625 0.403125 0.3515625 0.38125 0.3515625
0 0.31875 0.346875 0.334375 0.346875 0.334375 0.3578125 0.31875 0.3578125
0 0.2921875 0.3484375 0.3046875 0.3484375 0.3046875 0.359375 0.2921875 0.359375
0 0.2890625 0.4046875 0.3078125 0.4046875 0.3078125 0.4203125 0.2890625 0.4203125
0 0.35 0.4828125 0.371875 0.4828125 0.371875 0.5 0.35 0.5
0 0.43125 0.553125 0.45 0.553125 0.45 0.5859375 0.43125 0.5859375
0 0.528125 0.528125 0.55 0.528125 0.55 0.5421875 0.528125 0.5421875
0 0.3984375 0.49375 0.4421875 0.49375 0.4421875 0.5125 0.3984375 0.5125
0 0.409375 0.4703125 0.446875 0.4703125 0.446875 0.490625 0.409375 0.490625