9 0.6252059578125682 0.45752789843746927 0.6287848280492199 0.45519015610937397 0.6581101523137249 0.5000814669255418 0.6545312893475739 0.5024192001142949
9 0.5644388406251437 0.4389365765624907 0.5664382262231129 0.428875253335456 0.6371819150672309 0.4429324740664287 0.6351825850765636 0.452993748539839
9 0.4211372828125377 0.3935918890624964 0.4241603002906231 0.38754569846535153 0.48377863636073926 0.4173525489051039 0.48075564804742044 0.4233987145897096
9 0.4154220921875549 0.37630388749994903 0.4169669552236428 0.36844945630192516 0.5367978254645323 0.3920173242933484 0.5352530268554574 0.39987169803055633
9 0.5440660796874681 0.401734985937463 0.5447485595065018 0.39932940740333145 0.5954408150943209 0.41371036826425156 0.5947583444756219 0.4161159389206391
9 0.49203735209960087 0.3707467068557736 0.49663006121329545 0.35515945506873864 0.6588212783149174 0.40294541923180255 0.6542287497870802 0.4185325179317776
9 0.39543974531250115 0.36502473593749596 0.39436777679952684 0.35127096360273535 0.5165779086426028 0.34174591385329045 0.5176499599307363 0.3554995954330101
9 0.5487179953120176 0.3545954578125231 0.5492989493445748 0.3498583746714861 0.5973684319181984 0.3557533164020855 0.5967874915399989 0.36049038713483156
9 0.556276182073475 0.4947105240694331 0.5535311817724278 0.49527361472533726 0.5390195706286249 0.42453591744874514 0.5417645437499914 0.4239728296874993
9 0.47000706250003077 0.3152255984375391 0.47046626546682546 0.31275601200912717 0.5113511153473382 0.32035800120596164 0.510891918021116 0.32282758267366607
9 0.5345443426433576 0.32840220279912563 0.5341660458916522 0.33000719583176463 0.5105136347410735 0.32443249420416526 0.5108919328125694 0.3228275031249932
9 0.5345443359376532 0.32840223124997264 0.5346603484308616 0.3263720001301595 0.5701389473416612 0.3283992406951101 0.5700229386476394 0.33042946820266567