0 0.3671875 0.3296875 0.4421875 0.3296875 0.4421875 0.36875 0.3671875 0.36875
0 0.7140625 0.2796875 0.7578125 0.2796875 0.7578125 0.325 0.7140625 0.325
0 0.678125 0.2234375 0.7265625 0.2234375 0.7265625 0.26875 0.678125 0.26875
0 0.4453125 0.2015625 0.484375 0.2015625 0.484375 0.2203125 0.4453125 0.2203125
0 0.4375 0.2515625 0.46875 0.2515625 0.46875 0.275 0.4375 0.275
0 0.5328125 0.2875 0.571875 0.2875 0.571875 0.309375 0.5328125 0.309375
0 0.4015625 0.303125 0.4359375 0.303125 0.4359375 0.325 0.4015625 0.325
0 0.3546875 0.4125 0.3796875 0.4125 0.3796875 0.4359375 0.3546875 0.4359375
0 0.340625 0.4421875 0.384375 0.4421875 0.384375 0.475 0.340625 0.475
0 0.2828125 0.44375 0.3171875 0.44375 0.3171875 0.475 0.2828125 0.475
4 0.4546875 0.4984375 0.5640625 0.4984375 0.5640625 0.5359375 0.4546875 0.5359375
0 0.5046875 0.5390625 0.5359375 0.5390625 0.5359375 0.5625 0.5046875 0.5625
0 0.590625 0.5265625 0.6171875 0.5265625 0.6171875 0.559375 0.590625 0.559375
0 0.40625 0.5265625 0.45625 0.5265625 0.45625 0.553125 0.40625 0.553125
0 0.371875 0.490625 0.4171875 0.490625 0.4171875 0.5234375 0.371875 0.5234375
0 0.325 0.528125 0.4 0.528125 0.4 0.55625 0.325 0.55625
0 0.396875 0.5546875 0.4859375 0.5546875 0.4859375 0.5828125 0.396875 0.5828125
0 0.471875 0.5921875 0.503125 0.5921875 0.503125 0.61875 0.471875 0.61875
0 0.396875 0.58125 0.453125 0.58125 0.453125 0.6078125 0.396875 0.6078125
0 0.340625 0.5625 0.3984375 0.5625 0.3984375 0.5921875 0.340625 0.5921875
0 0.4921875 0.6296875 0.5328125 0.6296875 0.5328125 0.6515625 0.4921875 0.6515625
0 0.45 0.63125 0.478125 0.63125 0.478125 0.653125 0.45 0.653125
0 0.409375 0.6546875 0.44375 0.6546875 0.44375 0.678125 0.409375 0.678125
0 0.3984375 0.615625 0.428125 0.615625 0.428125 0.640625 0.3984375 0.640625
0 0.3265625 0.63125 0.35 0.63125 0.35 0.6515625 0.3265625 0.6515625
0 0.3171875 0.4609375 0.3421875 0.4609375 0.3421875 0.496875 0.3171875 0.496875
0 0.5328125 0.7109375 0.5828125 0.7109375 0.5828125 0.7359375 0.5328125 0.7359375
0 0.571875 0.6828125 0.61875 0.6828125 0.61875 0.70625 0.571875 0.70625
0 0.4921875 0.6828125 0.5296875 0.6828125 0.5296875 0.7046875 0.4921875 0.7046875
0 0.6765625 0.7109375 0.7015625 0.7109375 0.7015625 0.7265625 0.6765625 0.7265625
0 0.7140625 0.3515625 0.7515625 0.3515625 0.7515625 0.3765625 0.7140625 0.3765625
0 0.753125 0.3328125 0.7765625 0.3328125 0.7765625 0.3640625 0.753125 0.3640625
0 0.45625 0.2921875 0.4796875 0.2921875 0.4796875 0.3046875 0.45625 0.3046875
0 0.5234375 0.1859375 0.546875 0.1859375 0.546875 0.2 0.5234375 0.2
0 0.49375 0.1859375 0.5109375 0.1859375 0.5109375 0.1984375 0.49375 0.1984375
0 0.625 0.275 0.6625 0.275 0.6625 0.284375 0.625 0.284375
0 0.640625 0.209375 0.6515625 0.209375 0.6515625 0.2234375 0.640625 0.2234375