9 0.38820224843743745 0.30561797656247625 0.38870739314768343 0.30267913453737394 0.4606174513513679 0.3150389365855223 0.46011231803947794 0.3179777686122008
9 0.33370786562500143 0.31910112343749 0.3336857033882552 0.3136737370003329 0.425258713980611 0.3132996239597706 0.4252809000494153 0.31872698651727494
9 0.29438202187498064 0.294007490624976 0.294936082005961 0.2733598559658153 0.6022390584319055 0.28160395119768206 0.6016852833374742 0.3022513073474273
9 0.40056179843725204 0.294382023437523 0.4005617991051622 0.29400746647855713 0.4248946627589021 0.294007493295821 0.42489466250003716 0.294382049849322
9 0.36623776875001113 0.296411743750017 0.3661830707445688 0.29563815829555606 0.3930978846628932 0.293735124345735 0.3931525835338334 0.2945087088609431
9 0.49522474863636035 0.30408221233189325 0.4950546561186684 0.3051904427984114 0.42488860938203743 0.29442146146172404 0.42505870480658814 0.29331323459544845
9 0.30842696562501715 0.30411985000002095 0.30835825684550855 0.30360453149877137 0.36616907921006714 0.29589657958236854 0.3662377891483857 0.29641189673525487
9 0.4952240815814548 0.30411419544192825 0.49535364860480513 0.29766383022649096 0.5888935744495711 0.2995425694475801 0.5887640357849477 0.3059929060068573
9 0.5477300781251415 0.323809832812556 0.547804988795292 0.32283604475816274 0.569673420250524 0.32451825661712985 0.5695985107076922 0.3254920436126829
9 0.5269662921875806 0.3262172281249664 0.5269048112951396 0.32568696476366343 0.5476685992123294 0.3232795911615266 0.5477300805789582 0.323809853977836
9 0.5695985124999652 0.32549202031255353 0.5710976088028019 0.3210304912688921 0.6245327416315831 0.3389843187471473 0.623033660354281 0.34344583499337467