8 0.640625 0.55 0.6890625 0.55 0.6890625 0.6140625 0.640625 0.6140625
8 0.3171875 0.5609375 0.3640625 0.5609375 0.3640625 0.621875 0.3171875 0.621875
8 0.4890625 0.571875 0.5375 0.571875 0.5375 0.6328125 0.4890625 0.6328125
8 0.4046875 0.5875 0.44375 0.5875 0.44375 0.640625 0.4046875 0.640625
8 0.6796875 0.6140625 0.7171875 0.6140625 0.7171875 0.6625 0.6796875 0.6625
8 0.7421875 0.7890625 0.7828125 0.7890625 0.7828125 0.853125 0.7421875 0.853125
8 0.328125 0.0609375 0.3765625 0.0609375 0.3765625 0.1140625 0.328125 0.1140625
8 0.7421875 0.890625 0.7828125 0.890625 0.7828125 0.9515625 0.7421875 0.9515625
8 0.35625 0.1171875 0.4125 0.1171875 0.4125 0.19375 0.35625 0.19375
8 0.30625 0.159375 0.36875 0.159375 0.36875 0.23125 0.30625 0.23125
8 0.4140625 0.2546875 0.4625 0.2546875 0.4625 0.3265625 0.4140625 0.3265625
8 0.4828125 0.2953125 0.5203125 0.2953125 0.5203125 0.3484375 0.4828125 0.3484375
8 0.425 0.30625 0.45625 0.30625 0.45625 0.35625 0.425 0.35625
8 0.3734375 0.3078125 0.4078125 0.3078125 0.4078125 0.3609375 0.3734375 0.3609375
8 0.253125 0.3265625 0.3015625 0.3265625 0.3015625 0.3796875 0.253125 0.3796875
8 0.6046875 0.3296875 0.64375 0.3296875 0.64375 0.390625 0.6046875 0.390625
8 0.31875 0.334375 0.3671875 0.334375 0.3671875 0.3984375 0.31875 0.3984375
8 0.6484375 0.39375 0.696875 0.39375 0.696875 0.465625 0.6484375 0.465625
8 0.3875 0.425 0.434375 0.425 0.434375 0.478125 0.3875 0.478125
8 0.571875 0.4328125 0.6203125 0.4328125 0.6203125 0.496875 0.571875 0.496875
8 0.590625 0.5046875 0.63125 0.5046875 0.63125 0.565625 0.590625 0.565625