8 0.4671875 0.5453125 0.54375 0.5453125 0.54375 0.609375 0.4671875 0.609375
8 0.96875 0.55625 0.9953125 0.55625 0.9953125 0.6171875 0.96875 0.6171875
8 0.721875 0.5640625 0.7546875 0.5640625 0.7546875 0.6359375 0.721875 0.6359375
8 0.7625 0.571875 0.7953125 0.571875 0.7953125 0.6234375 0.7625 0.6234375
8 0.6078125 0.6171875 0.65625 0.6171875 0.65625 0.66875 0.6078125 0.66875
8 0.4328125 0.6171875 0.4953125 0.6171875 0.4953125 0.6921875 0.4328125 0.6921875
8 0.5828125 0.628125 0.6234375 0.628125 0.6234375 0.6875 0.5828125 0.6875
8 0.3671875 0.6953125 0.4234375 0.6953125 0.4234375 0.7671875 0.3671875 0.7671875
8 0.8 0.703125 0.8390625 0.703125 0.8390625 0.775 0.8 0.775
8 0.571875 0.725 0.6390625 0.725 0.6390625 0.775 0.571875 0.775
8 0.771875 0.8453125 0.8203125 0.8453125 0.8203125 0.8953125 0.771875 0.8953125
8 0.7796875 0.05625 0.8328125 0.05625 0.8328125 0.128125 0.7796875 0.128125
8 0.74375 0.1203125 0.796875 0.1203125 0.796875 0.203125 0.74375 0.203125
8 0.7859375 0.2109375 0.83125 0.2109375 0.83125 0.2859375 0.7859375 0.2859375
8 0.796875 0.278125 0.8375 0.278125 0.8375 0.353125 0.796875 0.353125
8 0.68125 0.3203125 0.7296875 0.3203125 0.7296875 0.384375 0.68125 0.384375
8 0.51875 0.315625 0.553125 0.315625 0.553125 0.390625 0.51875 0.390625
8 0.48125 0.371875 0.5296875 0.371875 0.5296875 0.425 0.48125 0.425
8 0.6859375 0.3875 0.7234375 0.3875 0.7234375 0.4515625 0.6859375 0.4515625
8 0.7359375 0.3734375 0.7890625 0.3734375 0.7890625 0.4671875 0.7359375 0.4671875
8 0.7953125 0.390625 0.85625 0.390625 0.85625 0.4546875 0.7953125 0.4546875
8 0.45 0.4171875 0.4953125 0.4171875 0.4953125 0.4703125 0.45 0.4703125
8 0.8828125 0.4015625 0.9421875 0.4015625 0.9421875 0.4890625 0.8828125 0.4890625
8 0.8515625 0.440625 0.8828125 0.440625 0.8828125 0.5375 0.8515625 0.5375
8 0.709375 0.5109375 0.7546875 0.5109375 0.7546875 0.575 0.709375 0.575
8 0.3625 0.515625 0.396875 0.515625 0.396875 0.5796875 0.3625 0.5796875