0 0.553125 0.271875 0.5984375 0.271875 0.5984375 0.365625 0.553125 0.365625
0 0.5203125 0.2890625 0.565625 0.2890625 0.565625 0.353125 0.5203125 0.353125
0 0.659375 0.296875 0.7234375 0.296875 0.7234375 0.3796875 0.659375 0.3796875
0 0.446875 0.371875 0.5125 0.371875 0.5125 0.440625 0.446875 0.440625
0 0.45 0.4484375 0.4953125 0.4484375 0.4953125 0.5015625 0.45 0.5015625
0 0.3890625 0.440625 0.45 0.440625 0.45 0.5125 0.3890625 0.5125
0 0.28125 0.490625 0.315625 0.490625 0.315625 0.53125 0.28125 0.53125
0 0.3328125 0.5015625 0.378125 0.5015625 0.378125 0.55625 0.3328125 0.55625
0 0.53125 0.5484375 0.5859375 0.5484375 0.5859375 0.6109375 0.53125 0.6109375
0 0.3109375 0.553125 0.3515625 0.553125 0.3515625 0.6109375 0.3109375 0.6109375
0 0.3171875 0.603125 0.365625 0.603125 0.365625 0.6671875 0.3171875 0.6671875
0 0.5234375 0.6109375 0.5890625 0.6109375 0.5890625 0.7046875 0.5234375 0.7046875
0 0.4765625 0.6421875 0.51875 0.6421875 0.51875 0.7 0.4765625 0.7
0 0.1171875 0.6421875 0.178125 0.6421875 0.178125 0.7328125 0.1171875 0.7328125
0 0.20625 0.0359375 0.259375 0.0359375 0.259375 0.1015625 0.20625 0.1015625
0 0.4453125 0.7109375 0.4875 0.7109375 0.4875 0.7625 0.4453125 0.7625
0 0.2265625 0.7140625 0.26875 0.7140625 0.26875 0.7765625 0.2265625 0.7765625
0 0.3421875 0.7296875 0.43125 0.7296875 0.43125 0.8296875 0.3421875 0.8296875
0 0.3828125 0.834375 0.41875 0.834375 0.41875 0.884375 0.3828125 0.884375
0 0.0546875 0.9140625 0.0984375 0.9140625 0.0984375 0.9828125 0.0546875 0.9828125
0 0.0171875 0.93125 0.0453125 0.93125 0.0453125 0.975 0.0171875 0.975
0 0.228125 0.1125 0.2859375 0.1125 0.2859375 0.1921875 0.228125 0.1921875
0 0.3703125 0.1453125 0.4515625 0.1453125 0.4515625 0.228125 0.3703125 0.228125
0 0.60625 0.209375 0.6703125 0.209375 0.6703125 0.30625 0.60625 0.30625
0 0.35625 0.2234375 0.409375 0.2234375 0.409375 0.3 0.35625 0.3
0 0.4421875 0.2421875 0.503125 0.2421875 0.503125 0.325 0.4421875 0.325
0 0.4546875 0.253125 0.5 0.253125 0.5 0.3140625 0.4546875 0.3140625
0 0.15625 0.2609375 0.2140625 0.2609375 0.2140625 0.3328125 0.15625 0.3328125