0 0.490625 0.371875 0.5546875 0.371875 0.5546875 0.440625 0.490625 0.440625
0 0.5078125 0.4484375 0.553125 0.4484375 0.553125 0.5015625 0.5078125 0.5015625
0 0.553125 0.440625 0.6125 0.440625 0.6125 0.5125 0.553125 0.5125
0 0.684375 0.490625 0.71875 0.490625 0.71875 0.53125 0.684375 0.53125
0 0.625 0.5015625 0.6703125 0.5015625 0.6703125 0.55625 0.625 0.55625
0 0.415625 0.5453125 0.471875 0.5453125 0.471875 0.60625 0.415625 0.60625
0 0.6515625 0.5484375 0.6921875 0.5484375 0.6921875 0.60625 0.6515625 0.60625
0 0.634375 0.6 0.6828125 0.6 0.6828125 0.6640625 0.634375 0.6640625
0 0.4140625 0.60625 0.478125 0.60625 0.478125 0.7 0.4140625 0.7
0 0.48125 0.6390625 0.5234375 0.6390625 0.5234375 0.696875 0.48125 0.696875
0 0.825 0.6390625 0.884375 0.6390625 0.884375 0.7296875 0.825 0.7296875
0 0.740625 0.0359375 0.79375 0.0359375 0.79375 0.1015625 0.740625 0.1015625
0 0.5125 0.7078125 0.5546875 0.7078125 0.5546875 0.7578125 0.5125 0.7578125
2 0.73125 0.725 0.7703125 0.725 0.7703125 0.771875 0.73125 0.771875
0 0.571875 0.7265625 0.6609375 0.7265625 0.6609375 0.8265625 0.571875 0.8265625
1 0.615625 0.79375 0.6421875 0.79375 0.6421875 0.8234375 0.615625 0.8234375
0 0.584375 0.8296875 0.6203125 0.8296875 0.6203125 0.88125 0.584375 0.88125
0 0.9015625 0.909375 0.9453125 0.909375 0.9453125 0.978125 0.9015625 0.978125
0 0.9546875 0.928125 0.9828125 0.928125 0.9828125 0.9703125 0.9546875 0.9703125
0 0.7140625 0.1125 0.771875 0.1125 0.771875 0.1921875 0.7140625 0.1921875
0 0.5484375 0.1453125 0.6296875 0.1453125 0.6296875 0.228125 0.5484375 0.228125
0 0.33125 0.209375 0.396875 0.209375 0.396875 0.30625 0.33125 0.30625
0 0.5921875 0.2234375 0.6453125 0.2234375 0.6453125 0.3 0.5921875 0.3
0 0.503125 0.253125 0.5484375 0.253125 0.5484375 0.3140625 0.503125 0.3140625
0 0.5 0.2421875 0.559375 0.2421875 0.559375 0.325 0.5 0.325
0 0.7859375 0.2609375 0.84375 0.2609375 0.84375 0.3328125 0.7859375 0.3328125
1 0.8078125 0.2859375 0.83125 0.2859375 0.83125 0.3109375 0.8078125 0.3109375
0 0.4046875 0.271875 0.45 0.271875 0.45 0.365625 0.4046875 0.365625
0 0.4375 0.2890625 0.4828125 0.2890625 0.4828125 0.353125 0.4375 0.353125
0 0.278125 0.296875 0.34375 0.296875 0.34375 0.3796875 0.278125 0.3796875