0 0.4078125 0.175 0.4703125 0.175 0.4703125 0.24375 0.4078125 0.24375
0 0.5203125 0.4796875 0.640625 0.4796875 0.640625 0.575 0.5203125 0.575
0 0.665625 0.2359375 0.8109375 0.2359375 0.8109375 0.3921875 0.665625 0.3921875
0 0.3625 0.403125 0.4953125 0.403125 0.4953125 0.56875 0.3625 0.56875
0 0.48125 0.0796875 0.5578125 0.0796875 0.5578125 0.1796875 0.48125 0.1796875
0 0.7125 0.0953125 0.853125 0.0953125 0.853125 0.2265625 0.7125 0.2265625
0 0.4421875 0.590625 0.625 0.590625 0.625 0.740625 0.4421875 0.740625
0 0.3484375 0.640625 0.434375 0.640625 0.434375 0.740625 0.3484375 0.740625
0 0.4796875 0.21875 0.54375 0.21875 0.54375 0.3046875 0.4796875 0.3046875
0 0.6171875 0.0546875 0.7109375 0.0546875 0.7109375 0.1671875 0.6171875 0.1671875
0 0.3375 0.2359375 0.4421875 0.2359375 0.4421875 0.3453125 0.3375 0.3453125
0 0.303125 0.821875 0.5015625 0.821875 0.5015625 0.9359375 0.303125 0.9359375
0 0.1515625 0.7671875 0.325 0.7671875 0.325 0.890625 0.1515625 0.890625
0 0.659375 0.4265625 0.7609375 0.4265625 0.7609375 0.628125 0.659375 0.628125
0 0.525 0.3046875 0.6875 0.3046875 0.6875 0.478125 0.525 0.478125
0 0.5953125 0.1671875 0.709375 0.1671875 0.709375 0.228125 0.5953125 0.228125