0 0.2453125 0.0734375 0.3046875 0.0734375 0.3046875 0.165625 0.2453125 0.165625
0 0.209375 0.1625 0.2984375 0.1625 0.2984375 0.25 0.209375 0.25
0 0.3109375 0.1265625 0.40625 0.1265625 0.40625 0.265625 0.3109375 0.265625
0 0.609375 0.1390625 0.984375 0.1390625 0.984375 0.3234375 0.609375 0.3234375
0 0.4546875 0.0625 0.7140625 0.0625 0.7140625 0.321875 0.4546875 0.321875
0 0.3015625 0.284375 0.471875 0.284375 0.471875 0.553125 0.3015625 0.553125
0 0.5046875 0.340625 0.690625 0.340625 0.690625 0.471875 0.5046875 0.471875
0 0.8078125 0.4359375 0.915625 0.4359375 0.915625 0.5421875 0.8078125 0.5421875
0 0.4109375 0.671875 0.5765625 0.671875 0.5765625 0.8625 0.4109375 0.8625
0 0.740625 0.7296875 0.934375 0.7296875 0.934375 0.8921875 0.740625 0.8921875
0 0.621875 0.4765625 0.790625 0.4765625 0.790625 0.6890625 0.621875 0.6890625
0 0.803125 0.5828125 0.996875 0.5828125 0.996875 0.7421875 0.803125 0.7421875
0 0.4703125 0.9109375 0.8296875 0.9109375 0.8296875 1 0.4703125 1
0 0.471875 0.471875 0.6296875 0.471875 0.6296875 0.6859375 0.471875 0.6859375
0 0.9375 0.8046875 0.996875 0.8046875 0.996875 1 0.9375 1
0 0.7140625 0.3421875 1 0.3421875 1 0.4390625 0.7140625 0.4390625
0 0.1140625 0.1765625 0.29375 0.1765625 0.29375 0.49375 0.1140625 0.49375
0 0.5859375 0.70625 0.840625 0.70625 0.840625 1 0.5859375 1
0 0.2828125 0.575 0.5265625 0.575 0.5265625 0.678125 0.2828125 0.678125
0 0.36875 0.8703125 0.4765625 0.8703125 0.4765625 0.9484375 0.36875 0.9484375
0 0.0296875 0.23125 0.115625 0.23125 0.115625 0.475 0.0296875 0.475