0 0.215625 0.409375 0.3578125 0.409375 0.3578125 0.43125 0.215625 0.43125
0 0.403125 0.3125 0.534375 0.3125 0.534375 0.4046875 0.403125 0.4046875
0 0.309375 0.4328125 0.425 0.4328125 0.425 0.5 0.309375 0.5
0 0.5328125 0.43125 0.6390625 0.43125 0.6390625 0.4796875 0.5328125 0.4796875
0 0.2671875 0.6109375 0.346875 0.6109375 0.346875 0.6578125 0.2671875 0.6578125
0 0.384375 0.5703125 0.4671875 0.5703125 0.4671875 0.603125 0.384375 0.603125
0 0.43125 0.478125 0.534375 0.478125 0.534375 0.534375 0.43125 0.534375
0 0.415625 0.53125 0.5734375 0.53125 0.5734375 0.5734375 0.415625 0.5734375
0 0.2546875 0.3703125 0.3578125 0.3703125 0.3578125 0.396875 0.2546875 0.396875
0 0.5015625 0.25 0.55 0.25 0.55 0.3078125 0.5015625 0.3078125
0 0.3375 0.496875 0.409375 0.496875 0.409375 0.5421875 0.3375 0.5421875