0 0.1453125 0.4015625 0.23125 0.4015625 0.23125 0.428125 0.1453125 0.428125
0 0.0765625 0.4375 0.1421875 0.4375 0.1421875 0.4734375 0.0765625 0.4734375
0 0.003125 0.4859375 0.0375 0.4859375 0.0375 0.540625 0.003125 0.540625
0 0.35 0.4734375 0.4171875 0.4734375 0.4171875 0.5171875 0.35 0.5171875
0 0.3265625 0.3703125 0.390625 0.3703125 0.390625 0.415625 0.3265625 0.415625
0 0.5046875 0.4125 0.5765625 0.4125 0.5765625 0.440625 0.5046875 0.440625
0 0.5984375 0.6984375 0.665625 0.6984375 0.665625 0.728125 0.5984375 0.728125
0 0.178125 0.5796875 0.2234375 0.5796875 0.2234375 0.628125 0.178125 0.628125
0 0.2890625 0.5953125 0.3859375 0.5953125 0.3859375 0.6453125 0.2890625 0.6453125
0 0.2953125 0.6953125 0.346875 0.6953125 0.346875 0.7265625 0.2953125 0.7265625
0 0.175 0.3421875 0.221875 0.3421875 0.221875 0.36875 0.175 0.36875
0 0.425 0.5109375 0.48125 0.5109375 0.48125 0.54375 0.425 0.54375
0 0.3109375 0.753125 0.365625 0.753125 0.365625 0.79375 0.3109375 0.79375
0 0.525 0.1921875 0.5875 0.1921875 0.5875 0.228125 0.525 0.228125
0 0.175 0.4828125 0.2625 0.4828125 0.2625 0.509375 0.175 0.509375
0 0.4203125 0.590625 0.4953125 0.590625 0.4953125 0.615625 0.4203125 0.615625
0 0.4203125 0.7171875 0.4890625 0.7171875 0.4890625 0.75625 0.4203125 0.75625
0 0.35625 0.7125 0.4046875 0.7125 0.4046875 0.75 0.35625 0.75
0 0.6046875 0.7953125 0.66875 0.7953125 0.66875 0.85 0.6046875 0.85
0 0.7625 0.7046875 0.8125 0.7046875 0.8125 0.7390625 0.7625 0.7390625
0 0.7859375 0.4625 0.8453125 0.4625 0.8453125 0.5015625 0.7859375 0.5015625
0 0.1546875 0.5296875 0.203125 0.5296875 0.203125 0.559375 0.1546875 0.559375
0 0.175 0.6703125 0.2359375 0.6703125 0.2359375 0.715625 0.175 0.715625
0 0.26875 0.3671875 0.325 0.3671875 0.325 0.3953125 0.26875 0.3953125
0 0.3375 0.4171875 0.4 0.4171875 0.4 0.44375 0.3375 0.44375