0 0.3984375 0.515625 0.4484375 0.515625 0.4484375 0.559375 0.3984375 0.559375
0 0.178125 0.5984375 0.271875 0.5984375 0.271875 0.6375 0.178125 0.6375
0 0.2421875 0.634375 0.284375 0.634375 0.284375 0.6875 0.2421875 0.6875
0 0.284375 0.615625 0.3625 0.615625 0.3625 0.6703125 0.284375 0.6703125
0 0.3328125 0.553125 0.4015625 0.553125 0.4015625 0.6015625 0.3328125 0.6015625
0 0.309375 0.6984375 0.375 0.6984375 0.375 0.7703125 0.309375 0.7703125
0 0.1015625 0.6328125 0.1875 0.6328125 0.1875 0.6953125 0.1015625 0.6953125
0 0.4453125 0.5765625 0.534375 0.5765625 0.534375 0.6484375 0.4453125 0.6484375
0 0.359375 0.6296875 0.409375 0.6296875 0.409375 0.66875 0.359375 0.66875
0 0.128125 0.7953125 0.1921875 0.7953125 0.1921875 0.8296875 0.128125 0.8296875
0 0.1015625 0.828125 0.1953125 0.828125 0.1953125 0.890625 0.1015625 0.890625
0 0.2015625 0.7 0.2953125 0.7 0.2953125 0.7546875 0.2015625 0.7546875
0 0.4171875 0.6734375 0.46875 0.6734375 0.46875 0.725 0.4171875 0.725
0 0.484375 0.4171875 0.55 0.4171875 0.55 0.559375 0.484375 0.559375