0 0.353125 0.065625 0.3953125 0.065625 0.3953125 0.14375 0.353125 0.14375
0 0.3828125 0.178125 0.440625 0.178125 0.440625 0.271875 0.3828125 0.271875
0 0.309375 0.20625 0.378125 0.20625 0.378125 0.3078125 0.309375 0.3078125
0 0.265625 0.26875 0.3296875 0.26875 0.3296875 0.3265625 0.265625 0.3265625
0 0.453125 0.053125 0.4921875 0.053125 0.4921875 0.13125 0.453125 0.13125
0 0.2203125 0.2703125 0.2546875 0.2703125 0.2546875 0.3390625 0.2203125 0.3390625
0 0.340625 0.4625 0.39375 0.4625 0.39375 0.5359375 0.340625 0.5359375
0 0.1359375 0.33125 0.1734375 0.33125 0.1734375 0.428125 0.1359375 0.428125
0 0.2953125 0.325 0.3828125 0.325 0.3828125 0.434375 0.2953125 0.434375
0 0.2453125 0.6078125 0.309375 0.6078125 0.309375 0.721875 0.2453125 0.721875
0 0.1875 0.4328125 0.2875 0.4328125 0.2875 0.5 0.1875 0.5
0 0.1328125 0.5609375 0.21875 0.5609375 0.21875 0.7140625 0.1328125 0.7140625
0 0.3375 0.6671875 0.384375 0.6671875 0.384375 0.75625 0.3375 0.75625
0 0.2546875 0.5125 0.34375 0.5125 0.34375 0.603125 0.2546875 0.603125
0 0.13125 0.8828125 0.1984375 0.8828125 0.1984375 0.9921875 0.13125 0.9921875
0 0.390625 0.7421875 0.43125 0.7421875 0.43125 0.828125 0.390625 0.828125
0 0.390625 0.325 0.4453125 0.325 0.4453125 0.471875 0.390625 0.471875