0 0.3171875 0.1046875 0.4 0.1046875 0.4 0.21875 0.3171875 0.21875
0 0.5140625 0.6953125 0.6203125 0.6953125 0.6203125 0.825 0.5140625 0.825
0 0.646875 0.5 0.7390625 0.5 0.7390625 0.6328125 0.646875 0.6328125
0 0.53125 0.46875 0.63125 0.46875 0.63125 0.6109375 0.53125 0.6109375
0 0.4625 0.56875 0.54375 0.56875 0.54375 0.675 0.4625 0.675
0 0.646875 0.34375 0.721875 0.34375 0.721875 0.46875 0.646875 0.46875
0 0.6359375 0.75625 0.7328125 0.75625 0.7328125 0.8859375 0.6359375 0.8859375
0 0.721875 0.2703125 0.803125 0.2703125 0.803125 0.4046875 0.721875 0.4046875
0 0.5328125 0.3625 0.640625 0.3625 0.640625 0.478125 0.5328125 0.478125
0 0.3609375 0.4625 0.48125 0.4625 0.48125 0.553125 0.3609375 0.553125
0 0.5546875 0.0375 0.6125 0.0375 0.6125 0.1390625 0.5546875 0.1390625
0 0.6515625 0.1078125 0.7390625 0.1078125 0.7390625 0.2015625 0.6515625 0.2015625
0 0.590625 0.9109375 0.675 0.9109375 0.675 0.99375 0.590625 0.99375
0 0.6515625 0.65 0.759375 0.65 0.759375 0.7265625 0.6515625 0.7265625
0 0.384375 0.0171875 0.49375 0.0171875 0.49375 0.1015625 0.384375 0.1015625