0 0.0890625 0.4078125 0.125 0.4078125 0.125 0.45 0.0890625 0.45
0 0.0703125 0.459375 0.128125 0.459375 0.128125 0.5046875 0.0703125 0.5046875
0 0.1578125 0.5671875 0.209375 0.5671875 0.209375 0.61875 0.1578125 0.61875
0 0.2140625 0.5265625 0.296875 0.5265625 0.296875 0.5734375 0.2140625 0.5734375
0 0.2640625 0.6859375 0.3171875 0.6859375 0.3171875 0.7671875 0.2640625 0.7671875
0 0.11875 0.1625 0.1625 0.1625 0.1625 0.2109375 0.11875 0.2109375
0 0.153125 0.134375 0.2265625 0.134375 0.2265625 0.203125 0.153125 0.203125
0 0.2578125 0.24375 0.31875 0.24375 0.31875 0.29375 0.2578125 0.29375
0 0.31875 0.3265625 0.403125 0.3265625 0.403125 0.3703125 0.31875 0.3703125
0 0.29375 0.615625 0.3375 0.615625 0.3375 0.653125 0.29375 0.653125
0 0.2953125 0.140625 0.3390625 0.140625 0.3390625 0.1578125 0.2953125 0.1578125
0 0.2125 0.7921875 0.25 0.7921875 0.25 0.8203125 0.2125 0.8203125
0 0.3734375 0.4015625 0.41875 0.4015625 0.41875 0.45 0.3734375 0.45
0 0.1515625 0.2140625 0.221875 0.2140625 0.221875 0.2546875 0.1515625 0.2546875
0 0.34375 0.5671875 0.3796875 0.5671875 0.3796875 0.609375 0.34375 0.609375
0 0.2234375 0.5953125 0.2765625 0.5953125 0.2765625 0.65625 0.2234375 0.65625
0 0.2609375 0.184375 0.3015625 0.184375 0.3015625 0.23125 0.2609375 0.23125
0 0.0265625 0.284375 0.06875 0.284375 0.06875 0.3078125 0.0265625 0.3078125
0 0.08125 0.2546875 0.13125 0.2546875 0.13125 0.2734375 0.08125 0.2734375
0 0.34375 0.2453125 0.3875 0.2453125 0.3875 0.278125 0.34375 0.278125
0 0.3515625 0.5046875 0.3875 0.5046875 0.3875 0.5359375 0.3515625 0.5359375
0 0.33125 0.6765625 0.378125 0.6765625 0.378125 0.734375 0.33125 0.734375