0 0.15 0.5546875 0.2 0.5546875 0.2 0.628125 0.15 0.628125
0 0.2265625 0.578125 0.265625 0.578125 0.265625 0.6578125 0.2265625 0.6578125
0 0.2609375 0.6125 0.296875 0.6125 0.296875 0.7203125 0.2609375 0.7203125
0 0.3359375 0.103125 0.378125 0.103125 0.378125 0.1609375 0.3359375 0.1609375
0 0.1171875 0.6640625 0.1640625 0.6640625 0.1640625 0.7484375 0.1171875 0.7484375
0 0.21875 0.821875 0.26875 0.821875 0.26875 0.8765625 0.21875 0.8765625
0 0.2734375 0.85625 0.3421875 0.85625 0.3421875 0.93125 0.2734375 0.93125
0 0.3515625 0.640625 0.4015625 0.640625 0.4015625 0.6875 0.3515625 0.6875
0 0.3 0.7171875 0.346875 0.7171875 0.346875 0.8015625 0.3 0.8015625
0 0.68125 0.6984375 0.7140625 0.6984375 0.7140625 0.759375 0.68125 0.759375
0 0.6640625 0.5328125 0.6984375 0.5328125 0.6984375 0.5734375 0.6640625 0.5734375
0 0.6671875 0.7984375 0.728125 0.7984375 0.728125 0.89375 0.6671875 0.89375
0 0.7375 0.58125 0.7765625 0.58125 0.7765625 0.671875 0.7375 0.671875
0 0.61875 0.6859375 0.6578125 0.6859375 0.6578125 0.771875 0.61875 0.771875
0 0.4046875 0.6984375 0.446875 0.6984375 0.446875 0.7390625 0.4046875 0.7390625
0 0.7375 0.875 0.784375 0.875 0.784375 0.9421875 0.7375 0.9421875
0 0.7234375 0.7046875 0.784375 0.7046875 0.784375 0.78125 0.7234375 0.78125
0 0.8234375 0.68125 0.871875 0.68125 0.871875 0.7515625 0.8234375 0.7515625
0 0.803125 0.79375 0.85625 0.79375 0.85625 0.8578125 0.803125 0.8578125