0 0.2765625 0.3703125 0.3875 0.3703125 0.3875 0.4734375 0.2765625 0.4734375
0 0.2015625 0.665625 0.3484375 0.665625 0.3484375 0.8296875 0.2015625 0.8296875
0 0.3859375 0.521875 0.5109375 0.521875 0.5109375 0.6109375 0.3859375 0.6109375
0 0.590625 0.5765625 0.7296875 0.5765625 0.7296875 0.7015625 0.590625 0.7015625
0 0.3921875 0.7375 0.51875 0.7375 0.51875 0.81875 0.3921875 0.81875
0 0.5734375 0.784375 0.7203125 0.784375 0.7203125 0.878125 0.5734375 0.878125
0 0.2484375 0.5828125 0.36875 0.5828125 0.36875 0.65625 0.2484375 0.65625
0 0.346875 0.6203125 0.5953125 0.6203125 0.5953125 0.7265625 0.346875 0.7265625
0 0.590625 0.7046875 0.6625 0.7046875 0.6625 0.7765625 0.590625 0.7765625
0 0.315625 0.7875 0.425 0.7875 0.425 0.85 0.315625 0.85
0 0.6109375 0.215625 0.675 0.215625 0.675 0.2640625 0.6109375 0.2640625
0 0.128125 0.859375 0.2 0.859375 0.2 0.9078125 0.128125 0.9078125
0 0.7640625 0.15 0.821875 0.15 0.821875 0.2125 0.7640625 0.2125