0 0.3109375 0.0328125 0.4609375 0.0328125 0.4609375 0.121875 0.3109375 0.121875
0 0.146875 0.3515625 0.246875 0.3515625 0.246875 0.45625 0.146875 0.45625
0 0.1578125 0.2140625 0.2375 0.2140625 0.2375 0.3171875 0.1578125 0.3171875
0 0.2921875 0.3296875 0.4359375 0.3296875 0.4359375 0.3875 0.2921875 0.3875
0 0.478125 0.1296875 0.54375 0.1296875 0.54375 0.23125 0.478125 0.23125
0 0.1109375 0.1359375 0.221875 0.1359375 0.221875 0.2203125 0.1109375 0.2203125
0 0.2609375 0.4859375 0.3390625 0.4859375 0.3390625 0.5625 0.2609375 0.5625
0 0 0.6359375 0.103125 0.6359375 0.103125 0.6875 0 0.6875
0 0 0.7203125 0.0734375 0.7203125 0.0734375 0.784375 0 0.784375
0 0.2046875 0.659375 0.31875 0.659375 0.31875 0.7515625 0.2046875 0.7515625
0 0.25 0.2484375 0.384375 0.2484375 0.384375 0.3140625 0.25 0.3140625
0 0.35 0.13125 0.4 0.13125 0.4 0.2375 0.35 0.2375
0 0.43125 0.0796875 0.51875 0.0796875 0.51875 0.15625 0.43125 0.15625