0 0.340625 0.565625 0.4046875 0.565625 0.4046875 0.6875 0.340625 0.6875
0 0.409375 0.540625 0.4578125 0.540625 0.4578125 0.6109375 0.409375 0.6109375
0 0.4296875 0.4765625 0.471875 0.4765625 0.471875 0.5546875 0.4296875 0.5546875
0 0.45625 0.5953125 0.509375 0.5953125 0.509375 0.6875 0.45625 0.6875
0 0.44375 0.690625 0.55625 0.690625 0.55625 0.7765625 0.44375 0.7765625
0 0.921875 0.73125 0.96875 0.73125 0.96875 0.8296875 0.921875 0.8296875
0 0.5765625 0.8828125 0.721875 0.8828125 0.721875 0.978125 0.5765625 0.978125
0 0.7421875 0.41875 0.89375 0.41875 0.89375 0.6765625 0.7421875 0.6765625
0 0.51875 0.540625 0.7671875 0.540625 0.7671875 0.746875 0.51875 0.746875
0 0.73125 0.8328125 0.7796875 0.8328125 0.7796875 0.9125 0.73125 0.9125
0 0.2515625 0.653125 0.421875 0.653125 0.421875 0.834375 0.2515625 0.834375