0 0.2796875 0.165625 0.35 0.165625 0.35 0.2 0.2796875 0.2
0 0.78125 0.4171875 0.8453125 0.4171875 0.8453125 0.4546875 0.78125 0.4546875
0 0.2890625 0.253125 0.3671875 0.253125 0.3671875 0.2921875 0.2890625 0.2921875
0 0.4375 0.125 0.521875 0.125 0.521875 0.15625 0.4375 0.15625
0 0.6734375 0.3109375 0.7484375 0.3109375 0.7484375 0.36875 0.6734375 0.36875
0 0.8109375 0.50625 0.871875 0.50625 0.871875 0.5765625 0.8109375 0.5765625
0 0.271875 0.3625 0.3390625 0.3625 0.3390625 0.4125 0.271875 0.4125
0 0.365625 0.56875 0.421875 0.56875 0.421875 0.615625 0.365625 0.615625
0 0.328125 0.671875 0.409375 0.671875 0.409375 0.70625 0.328125 0.70625
0 0.4109375 0.7875 0.4625 0.7875 0.4625 0.884375 0.4109375 0.884375
0 0.303125 0.765625 0.365625 0.765625 0.365625 0.7890625 0.303125 0.7890625
0 0.240625 0.83125 0.3328125 0.83125 0.3328125 0.8796875 0.240625 0.8796875
0 0.4859375 0.5859375 0.575 0.5859375 0.575 0.675 0.4859375 0.675
0 0.53125 0.825 0.675 0.825 0.675 0.8703125 0.53125 0.8703125
0 0.7171875 0.56875 0.8578125 0.56875 0.8578125 0.66875 0.7171875 0.66875
0 0.8109375 0.7078125 0.95625 0.7078125 0.95625 0.7890625 0.8109375 0.7890625
0 0.6671875 0.38125 0.7375 0.38125 0.7375 0.4296875 0.6671875 0.4296875
0 0.9046875 0.584375 0.9984375 0.584375 0.9984375 0.6453125 0.9046875 0.6453125
0 0.3625 0.834375 0.4203125 0.834375 0.4203125 0.8703125 0.3625 0.8703125
0 0.365625 0.9015625 0.409375 0.9015625 0.409375 0.94375 0.365625 0.94375
0 0.509375 0.6796875 0.6015625 0.6796875 0.6015625 0.7375 0.509375 0.7375