0 0.6 0.234375 0.659375 0.234375 0.659375 0.325 0.6 0.325
0 0.7234375 0.2515625 0.78125 0.2515625 0.78125 0.3328125 0.7234375 0.3328125
0 0.8453125 0.2734375 0.9140625 0.2734375 0.9140625 0.3484375 0.8453125 0.3484375
0 0.65 0.484375 0.7234375 0.484375 0.7234375 0.53125 0.65 0.53125
0 0.8734375 0.3484375 1 0.3484375 1 0.4484375 0.8734375 0.4484375
0 0.4828125 0.396875 0.571875 0.396875 0.571875 0.484375 0.4828125 0.484375
0 0.384375 0.409375 0.475 0.409375 0.475 0.49375 0.384375 0.49375
0 0.4125 0.0984375 0.5484375 0.0984375 0.5484375 0.203125 0.4125 0.203125
0 0.740625 0.515625 0.81875 0.515625 0.81875 0.6171875 0.740625 0.6171875
0 0.8125 0.4359375 0.9984375 0.4359375 0.9984375 0.575 0.8125 0.575
0 0.8796875 0.1796875 1 0.1796875 1 0.3375 0.8796875 0.3375
0 0.390625 0.5234375 0.55 0.5234375 0.55 0.6359375 0.390625 0.6359375
0 0.43125 0.8828125 0.65 0.8828125 0.65 1 0.43125 1
0 0.8421875 0.625 0.9546875 0.625 0.9546875 0.7375 0.8421875 0.7375
0 0.5125 0.26875 0.95 0.26875 0.95 0.5453125 0.5125 0.5453125
0 0.628125 0.1859375 1 0.1859375 1 0.3046875 0.628125 0.3046875
0 0.5125 0.740625 0.7859375 0.740625 0.7859375 0.9 0.5125 0.9
0 0.659375 0.584375 0.903125 0.584375 0.903125 0.7578125 0.659375 0.7578125