0 0.634375 0.5359375 0.709375 0.5359375 0.709375 0.6046875 0.634375 0.6046875
0 0.40625 0.89375 0.465625 0.89375 0.465625 0.99375 0.40625 0.99375
0 0.71875 0.715625 0.7703125 0.715625 0.7703125 0.78125 0.71875 0.78125
0 0.4921875 0.653125 0.5890625 0.653125 0.5890625 0.7359375 0.4921875 0.7359375
0 0.628125 0.7546875 0.709375 0.7546875 0.709375 0.8421875 0.628125 0.8421875
0 0.746875 0.8078125 0.778125 0.8078125 0.778125 0.8328125 0.746875 0.8328125
0 0.825 0.6515625 0.878125 0.6515625 0.878125 0.7546875 0.825 0.7546875
0 0.8109375 0.75625 0.9390625 0.75625 0.9390625 0.9109375 0.8109375 0.9109375
0 0.69375 0.609375 0.8546875 0.609375 0.8546875 0.746875 0.69375 0.746875
0 0.4375 0.759375 0.6296875 0.759375 0.6296875 0.8734375 0.4375 0.8734375
0 0.5671875 0.5890625 0.7078125 0.5890625 0.7078125 0.7375 0.5671875 0.7375