0 0.4609375 0.159375 0.59375 0.159375 0.59375 0.4140625 0.4609375 0.4140625
0 0.1828125 0.090625 0.3421875 0.090625 0.3421875 0.2578125 0.1828125 0.2578125
0 0.4015625 0.3546875 0.4984375 0.3546875 0.4984375 0.453125 0.4015625 0.453125
0 0.3359375 0.45625 0.515625 0.45625 0.515625 0.559375 0.3359375 0.559375
0 0.5984375 0.325 0.790625 0.325 0.790625 0.6484375 0.5984375 0.6484375
0 0.1375 0.2375 0.1765625 0.2375 0.1765625 0.3125 0.1375 0.3125
0 0.06875 0.0078125 0.1234375 0.0078125 0.1234375 0.10625 0.06875 0.10625
0 0.1515625 0.6171875 0.2578125 0.6171875 0.2578125 0.7703125 0.1515625 0.7703125
0 0.4734375 0.54375 0.5765625 0.54375 0.5765625 0.6828125 0.4734375 0.6828125
0 0.4390625 0.6671875 0.540625 0.6671875 0.540625 0.7890625 0.4390625 0.7890625
0 0.59375 0.8171875 0.7390625 0.8171875 0.7390625 1 0.59375 1
0 0.7578125 0.771875 0.9125 0.771875 0.9125 0.94375 0.7578125 0.94375
0 0.5703125 0.659375 0.678125 0.659375 0.678125 0.8 0.5703125 0.8
0 0.378125 0.0234375 0.6609375 0.0234375 0.6609375 0.2578125 0.378125 0.2578125
0 0.69375 0.2734375 0.85625 0.2734375 0.85625 0.409375 0.69375 0.409375
0 0.196875 0 0.2796875 0 0.2796875 0.0734375 0.196875 0.0734375
0 0.515625 0.8109375 0.59375 0.8109375 0.59375 1 0.515625 1