0 0.2453125 0.6125 0.340625 0.6125 0.340625 0.7421875 0.2453125 0.7421875
0 0.5828125 0.234375 0.6609375 0.234375 0.6609375 0.328125 0.5828125 0.328125
0 0.4265625 0.353125 0.5703125 0.353125 0.5703125 0.49375 0.4265625 0.49375
0 0.8640625 0.2296875 0.9328125 0.2296875 0.9328125 0.3203125 0.8640625 0.3203125
0 0.3984375 0.64375 0.5171875 0.64375 0.5171875 0.7890625 0.3984375 0.7890625
0 0.21875 0.4109375 0.3546875 0.4109375 0.3546875 0.534375 0.21875 0.534375
0 0.6765625 0.2484375 0.7921875 0.2484375 0.7921875 0.3546875 0.6765625 0.3546875
0 0.6859375 0.6578125 0.84375 0.6578125 0.84375 0.771875 0.6859375 0.771875
0 0.375 0.4703125 0.6078125 0.4703125 0.6078125 0.59375 0.375 0.59375
0 0.296875 0.765625 0.5046875 0.765625 0.5046875 0.9734375 0.296875 0.9734375
0 0.5234375 0.64375 0.7515625 0.64375 0.7515625 0.9390625 0.5234375 0.9390625
0 0.915625 0.328125 0.9890625 0.328125 0.9890625 0.4140625 0.915625 0.4140625
0 0.5625 0.359375 0.66875 0.359375 0.66875 0.4734375 0.5625 0.4734375