0 0.2828125 0.36875 0.43125 0.36875 0.43125 0.40625 0.2828125 0.40625
0 0.371875 0.3796875 0.51875 0.3796875 0.51875 0.4390625 0.371875 0.4390625
0 0.5640625 0.35625 0.6578125 0.35625 0.6578125 0.384375 0.5640625 0.384375
0 0.5234375 0.415625 0.64375 0.415625 0.64375 0.4515625 0.5234375 0.4515625
0 0.2203125 0.628125 0.3375 0.628125 0.3375 0.671875 0.2203125 0.671875
0 0.6265625 0.5375 0.74375 0.5375 0.74375 0.5953125 0.6265625 0.5953125
0 0.4078125 0.646875 0.5015625 0.646875 0.5015625 0.69375 0.4078125 0.69375
0 0.325 0.4234375 0.4515625 0.4234375 0.4515625 0.4875 0.325 0.4875
0 0.6640625 0.44375 0.7609375 0.44375 0.7609375 0.4734375 0.6640625 0.4734375
0 0.35625 0.5640625 0.4703125 0.5640625 0.4703125 0.5953125 0.35625 0.5953125
0 0.584375 0.4859375 0.74375 0.4859375 0.74375 0.534375 0.584375 0.534375
0 0.678125 0.2484375 0.80625 0.2484375 0.80625 0.3140625 0.678125 0.3140625
0 0.4296875 0.4234375 0.54375 0.4234375 0.54375 0.4734375 0.4296875 0.4734375