0 0.3671875 0.5546875 0.4171875 0.5546875 0.4171875 0.5796875 0.3671875 0.5796875
0 0.5640625 0.2796875 0.6515625 0.2796875 0.6515625 0.3140625 0.5640625 0.3140625
0 0.675 0.1671875 0.7671875 0.1671875 0.7671875 0.2171875 0.675 0.2171875
0 0.690625 0.234375 0.75625 0.234375 0.75625 0.28125 0.690625 0.28125
0 0.575 0.24375 0.640625 0.24375 0.640625 0.2875 0.575 0.2875
0 0.8296875 0.1546875 0.8921875 0.1546875 0.8921875 0.2015625 0.8296875 0.2015625
0 0.846875 0.2265625 0.9265625 0.2265625 0.9265625 0.2609375 0.846875 0.2609375
0 0.85 0.278125 0.9171875 0.278125 0.9171875 0.315625 0.85 0.315625
0 0.671875 0.3453125 0.7265625 0.3453125 0.7265625 0.3875 0.671875 0.3875
0 0.8515625 0.3265625 0.9171875 0.3265625 0.9171875 0.3734375 0.8515625 0.3734375
0 0.7984375 0.3328125 0.8453125 0.3328125 0.8453125 0.38125 0.7984375 0.38125
0 0.4296875 0.5609375 0.48125 0.5609375 0.48125 0.6 0.4296875 0.6
0 0.7140625 0.5984375 0.775 0.5984375 0.775 0.640625 0.7140625 0.640625
0 0.39375 0.60625 0.434375 0.60625 0.434375 0.6578125 0.39375 0.6578125
0 0.4796875 0.715625 0.559375 0.715625 0.559375 0.759375 0.4796875 0.759375
0 0.653125 0.665625 0.7125 0.665625 0.7125 0.696875 0.653125 0.696875
0 0.628125 0.7640625 0.7078125 0.7640625 0.7078125 0.8015625 0.628125 0.8015625
0 0.6921875 0.7171875 0.778125 0.7171875 0.778125 0.7546875 0.6921875 0.7546875
0 0.7953125 0.6890625 0.84375 0.6890625 0.84375 0.715625 0.7953125 0.715625
0 0.5296875 0.2359375 0.5703125 0.2359375 0.5703125 0.2625 0.5296875 0.2625
0 0.7359375 0.26875 0.803125 0.26875 0.803125 0.340625 0.7359375 0.340625