0 0.534375 0.2078125 0.61875 0.2078125 0.61875 0.25625 0.534375 0.25625
0 0.334375 0.3203125 0.4296875 0.3203125 0.4296875 0.40625 0.334375 0.40625
0 0.5 0.4578125 0.5890625 0.4578125 0.5890625 0.5421875 0.5 0.5421875
0 0.6984375 0.5796875 0.759375 0.5796875 0.759375 0.6375 0.6984375 0.6375
0 0.603125 0.3125 0.675 0.3125 0.675 0.3953125 0.603125 0.3953125
0 0.6 0.509375 0.6703125 0.509375 0.6703125 0.5734375 0.6 0.5734375
0 0.365625 0.4671875 0.4828125 0.4671875 0.4828125 0.559375 0.365625 0.559375
0 0.6421875 0.425 0.7421875 0.425 0.7421875 0.49375 0.6421875 0.49375
0 0.6515625 0.6375 0.74375 0.6375 0.74375 0.6859375 0.6515625 0.6859375
0 0.7921875 0.6375 0.9609375 0.6375 0.9609375 0.721875 0.7921875 0.721875
0 0.4796875 0.3078125 0.6046875 0.3078125 0.6046875 0.3984375 0.4796875 0.3984375
0 0.4515625 0.5640625 0.578125 0.5640625 0.578125 0.6546875 0.4515625 0.6546875
0 0.7140625 0.3078125 0.8078125 0.3078125 0.8078125 0.41875 0.7140625 0.41875