0 0.190625 0.296875 0.253125 0.296875 0.253125 0.484375 0.190625 0.484375
0 0.2578125 0.7390625 0.353125 0.7390625 0.353125 0.9078125 0.2578125 0.9078125
0 0.26875 0.509375 0.3375 0.509375 0.3375 0.6953125 0.26875 0.6953125
0 0.365625 0.709375 0.4828125 0.709375 0.4828125 0.8859375 0.365625 0.8859375
0 0.3890625 0.5921875 0.5078125 0.5921875 0.5078125 0.7171875 0.3890625 0.7171875
0 0.3390625 0.4859375 0.4453125 0.4859375 0.4453125 0.615625 0.3390625 0.615625
0 0.2984375 0.3625 0.4453125 0.3625 0.4453125 0.5046875 0.2984375 0.5046875
0 0.4640625 0.403125 0.534375 0.403125 0.534375 0.559375 0.4640625 0.559375
0 0.246875 0.403125 0.2953125 0.403125 0.2953125 0.5 0.246875 0.5
0 0.5546875 0.0046875 0.5921875 0.0046875 0.5921875 0.084375 0.5546875 0.084375
0 0.6203125 0.090625 0.684375 0.090625 0.684375 0.21875 0.6203125 0.21875
0 0.378125 0.040625 0.453125 0.040625 0.453125 0.190625 0.378125 0.190625
0 0.278125 0.1140625 0.340625 0.1140625 0.340625 0.175 0.278125 0.175
0 0.4796875 0.0375 0.540625 0.0375 0.540625 0.14375 0.4796875 0.14375