0 0.375 0.078125 0.5 0.078125 0.5 0.1625 0.375 0.1625
0 0.45625 0.2515625 0.5671875 0.2515625 0.5671875 0.3234375 0.45625 0.3234375
0 0.6140625 0.2453125 0.7328125 0.2453125 0.7328125 0.321875 0.6140625 0.321875
0 0.8234375 0.25625 0.9640625 0.25625 0.9640625 0.3296875 0.8234375 0.3296875
0 0.896875 0.1515625 1 0.1515625 1 0.228125 0.896875 0.228125
0 0.6953125 0.4046875 0.8671875 0.4046875 0.8671875 0.4859375 0.6953125 0.4859375
0 0.4984375 0.3625 0.5984375 0.3625 0.5984375 0.4359375 0.4984375 0.4359375
0 0.6953125 0.484375 0.809375 0.484375 0.809375 0.5328125 0.6953125 0.5328125
0 0.815625 0.484375 0.9734375 0.484375 0.9734375 0.5859375 0.815625 0.5859375
0 0.9125 0.328125 1 0.328125 1 0.478125 0.9125 0.478125
0 0.85 0.365625 0.9359375 0.365625 0.9359375 0.4484375 0.85 0.4484375
0 0.6578125 0.6734375 0.796875 0.6734375 0.796875 0.7390625 0.6578125 0.7390625
0 0.7421875 0.578125 0.8328125 0.578125 0.8328125 0.6390625 0.7421875 0.6390625
0 0.8703125 0.5953125 1 0.5953125 1 0.6515625 0.8703125 0.6515625
0 0.6734375 0.60625 0.7359375 0.60625 0.7359375 0.6546875 0.6734375 0.6546875
0 0.3828125 0.4625 0.4765625 0.4625 0.4765625 0.5234375 0.3828125 0.5234375