0 0.6515625 0.4640625 0.7328125 0.4640625 0.7328125 0.5296875 0.6515625 0.5296875
0 0.365625 0.134375 0.4203125 0.134375 0.4203125 0.1796875 0.365625 0.1796875
0 0.40625 0.3015625 0.4703125 0.3015625 0.4703125 0.3484375 0.40625 0.3484375
0 0.4484375 0.0828125 0.5125 0.0828125 0.5125 0.125 0.4484375 0.125
0 0.4140625 0.2109375 0.5125 0.2109375 0.5125 0.2578125 0.4140625 0.2578125
0 0.49375 0.2765625 0.54375 0.2765625 0.54375 0.3609375 0.49375 0.3609375
0 0.56875 0.1953125 0.6296875 0.1953125 0.6296875 0.2734375 0.56875 0.2734375
0 0.525 0.371875 0.590625 0.371875 0.590625 0.415625 0.525 0.415625
0 0.6671875 0.3328125 0.7390625 0.3328125 0.7390625 0.4046875 0.6671875 0.4046875
0 0.6828125 0.39375 0.796875 0.39375 0.796875 0.45 0.6828125 0.45
0 0.8578125 0.384375 0.93125 0.384375 0.93125 0.4453125 0.8578125 0.4453125
0 0.4375 0.4140625 0.5375 0.4140625 0.5375 0.465625 0.4375 0.465625
0 0.578125 0.2953125 0.6453125 0.2953125 0.6453125 0.35 0.578125 0.35
0 0.5734375 0.4984375 0.6421875 0.4984375 0.6421875 0.5359375 0.5734375 0.5359375
0 0.6734375 0.2640625 0.759375 0.2640625 0.759375 0.321875 0.6734375 0.321875
0 0.796875 0.465625 0.8796875 0.465625 0.8796875 0.5 0.796875 0.5
0 0.771875 0.328125 0.8484375 0.328125 0.8484375 0.3765625 0.771875 0.3765625
0 0.578125 0.425 0.6296875 0.425 0.6296875 0.4765625 0.578125 0.4765625
0 0.3890625 0.359375 0.4546875 0.359375 0.4546875 0.3921875 0.3890625 0.3921875