0 0.49375 0.4359375 0.56875 0.4359375 0.56875 0.528125 0.49375 0.528125
0 0.3640625 0.653125 0.446875 0.653125 0.446875 0.71875 0.3640625 0.71875
0 0.5328125 0.7140625 0.60625 0.7140625 0.60625 0.7890625 0.5328125 0.7890625
0 0.425 0.7140625 0.4984375 0.7140625 0.4984375 0.778125 0.425 0.778125
0 0.6328125 0.4890625 0.7 0.4890625 0.7 0.596875 0.6328125 0.596875
0 0.6828125 0.703125 0.78125 0.703125 0.78125 0.8609375 0.6828125 0.8609375
0 0.4890625 0.91875 0.60625 0.91875 0.60625 1 0.4890625 1
0 0.340625 0.825 0.415625 0.825 0.415625 0.95625 0.340625 0.95625
0 0.2328125 0.78125 0.3328125 0.78125 0.3328125 0.9078125 0.2328125 0.9078125
0 0.890625 0.7234375 0.9640625 0.7234375 0.9640625 0.840625 0.890625 0.840625
0 0.3421875 0.1546875 0.440625 0.1546875 0.440625 0.253125 0.3421875 0.253125
0 0.509375 0.20625 0.6078125 0.20625 0.6078125 0.39375 0.509375 0.39375
0 0.2859375 0.53125 0.415625 0.53125 0.415625 0.63125 0.2859375 0.63125
0 0.215625 0.3234375 0.4890625 0.3234375 0.4890625 0.503125 0.215625 0.503125
0 0.6578125 0.034375 0.7828125 0.034375 0.7828125 0.1578125 0.6578125 0.1578125
0 0.84375 0.128125 0.9375 0.128125 0.9375 0.2875 0.84375 0.2875
0 0.6921875 0.5859375 0.7515625 0.5859375 0.7515625 0.6609375 0.6921875 0.6609375
0 0.625 0.2 0.7734375 0.2 0.7734375 0.478125 0.625 0.478125
0 0.9125 0.31875 0.9921875 0.31875 0.9921875 0.4265625 0.9125 0.4265625
0 0.7453125 0.5015625 0.8796875 0.5015625 0.8796875 0.7390625 0.7453125 0.7390625
0 0.9171875 0.5875 1 0.5875 1 0.7109375 0.9171875 0.7109375
0 0.2109375 0.1328125 0.35 0.1328125 0.35 0.3078125 0.2109375 0.3078125
0 0.4109375 0.053125 0.646875 0.053125 0.646875 0.2109375 0.4109375 0.2109375
0 0.7734375 0.234375 0.9890625 0.234375 0.9890625 0.515625 0.7734375 0.515625
0 0.1171875 0.8015625 0.2359375 0.8015625 0.2359375 0.990625 0.1171875 0.990625
0 0.6328125 0.7609375 0.778125 0.7609375 0.778125 1 0.6328125 1
0 0.4359375 0.55 0.6953125 0.55 0.6953125 0.70625 0.4359375 0.70625
0 0.1375 0.4328125 0.28125 0.4328125 0.28125 0.6609375 0.1375 0.6609375