0 0.4109375 0.0078125 0.49375 0.0078125 0.49375 0.0671875 0.4109375 0.0671875
0 0.1796875 0.6859375 0.26875 0.6859375 0.26875 0.775 0.1796875 0.775
0 0.290625 0.628125 0.3328125 0.628125 0.3328125 0.7140625 0.290625 0.7140625
0 0.3890625 0.2921875 0.4875 0.2921875 0.4875 0.3984375 0.3890625 0.3984375
0 0.178125 0.3828125 0.2328125 0.3828125 0.2328125 0.4515625 0.178125 0.4515625
0 0.60625 0.0421875 0.671875 0.0421875 0.671875 0.1421875 0.60625 0.1421875
0 0.3125 0.8109375 0.38125 0.8109375 0.38125 0.8765625 0.3125 0.8765625
0 0.334375 0.5671875 0.390625 0.5671875 0.390625 0.6859375 0.334375 0.6859375
0 0.584375 0.4171875 0.6328125 0.4171875 0.6328125 0.5234375 0.584375 0.5234375
0 0.6953125 0.15625 0.740625 0.15625 0.740625 0.2515625 0.6953125 0.2515625
0 0.3890625 0.440625 0.45 0.440625 0.45 0.5375 0.3890625 0.5375
0 0.55625 0.1328125 0.6640625 0.1328125 0.6640625 0.271875 0.55625 0.271875
0 0.675 0.04375 0.7390625 0.04375 0.7390625 0.146875 0.675 0.146875
0 0.384375 0.696875 0.4703125 0.696875 0.4703125 0.7578125 0.384375 0.7578125
0 0.203125 0.4953125 0.278125 0.4953125 0.278125 0.565625 0.203125 0.565625
0 0.49375 0.4296875 0.54375 0.4296875 0.54375 0.521875 0.49375 0.521875
0 0.4171875 0.590625 0.51875 0.590625 0.51875 0.66875 0.4171875 0.66875
0 0.7546875 0.2390625 0.81875 0.2390625 0.81875 0.3125 0.7546875 0.3125
0 0.725 0.340625 0.8046875 0.340625 0.8046875 0.440625 0.725 0.440625
0 0.85 0.1625 0.9015625 0.1625 0.9015625 0.253125 0.85 0.253125
0 0.2375 0.28125 0.3296875 0.28125 0.3296875 0.49375 0.2375 0.49375
0 0.425 0.190625 0.49375 0.190625 0.49375 0.2734375 0.425 0.2734375
0 0.4 0.778125 0.4609375 0.778125 0.4609375 0.825 0.4 0.825
0 0.80625 0.3578125 0.84375 0.3578125 0.84375 0.471875 0.80625 0.471875
0 0.821875 0.015625 0.890625 0.015625 0.890625 0.078125 0.821875 0.078125