0 0.2296875 0.065625 0.325 0.065625 0.325 0.10625 0.2296875 0.10625
0 0 0.290625 0.121875 0.290625 0.121875 0.3796875 0 0.3796875
0 0.009375 0.396875 0.121875 0.396875 0.121875 0.4828125 0.009375 0.4828125
0 0.16875 0.4375 0.3296875 0.4375 0.3296875 0.5140625 0.16875 0.5140625
0 0.0703125 0.496875 0.1703125 0.496875 0.1703125 0.5671875 0.0703125 0.5671875
0 0.3390625 0.3671875 0.4296875 0.3671875 0.4296875 0.4171875 0.3390625 0.4171875
0 0.171875 0.653125 0.259375 0.653125 0.259375 0.7234375 0.171875 0.7234375
0 0.1765625 0.19375 0.2890625 0.19375 0.2890625 0.25 0.1765625 0.25
0 0.15625 0.359375 0.3078125 0.359375 0.3078125 0.409375 0.15625 0.409375
0 0.00625 0.55625 0.146875 0.55625 0.146875 0.64375 0.00625 0.64375
0 0.14375 0.290625 0.240625 0.290625 0.240625 0.35625 0.14375 0.35625