0 0.3734375 0.4734375 0.4640625 0.4734375 0.4640625 0.5484375 0.3734375 0.5484375
0 0.5078125 0.4640625 0.621875 0.4640625 0.621875 0.5046875 0.5078125 0.5046875
0 0.83125 0.1984375 0.90625 0.1984375 0.90625 0.24375 0.83125 0.24375
0 0.634375 0.3078125 0.7265625 0.3078125 0.7265625 0.375 0.634375 0.375
0 0.73125 0.2484375 0.8125 0.2484375 0.8125 0.3125 0.73125 0.3125
0 0.38125 0.559375 0.490625 0.559375 0.490625 0.59375 0.38125 0.59375
0 0.578125 0.584375 0.6484375 0.584375 0.6484375 0.6375 0.578125 0.6375
0 0.453125 0.609375 0.5625 0.609375 0.5625 0.675 0.453125 0.675
0 0.5609375 0.40625 0.7078125 0.40625 0.7078125 0.4375 0.5609375 0.4375
0 0.64375 0.540625 0.740625 0.540625 0.740625 0.5796875 0.64375 0.5796875
0 0.7140625 0.4484375 0.78125 0.4484375 0.78125 0.4671875 0.7140625 0.4671875