0 0.2359375 0.5875 0.29375 0.5875 0.29375 0.6734375 0.2359375 0.6734375
0 0.29375 0.5625 0.41875 0.5625 0.41875 0.653125 0.29375 0.653125
0 0.5296875 0.58125 0.609375 0.58125 0.609375 0.653125 0.5296875 0.653125
0 0.5953125 0.403125 0.784375 0.403125 0.784375 0.5734375 0.5953125 0.5734375
0 0.465625 0.6375 0.6921875 0.6375 0.6921875 0.8578125 0.465625 0.8578125
0 0.2359375 0.8234375 0.3265625 0.8234375 0.3265625 0.9421875 0.2359375 0.9421875
0 0.709375 0.5875 0.8609375 0.5875 0.8609375 0.796875 0.709375 0.796875
0 0.115625 0.0484375 0.29375 0.0484375 0.29375 0.1484375 0.115625 0.1484375
0 0.559375 0.240625 0.684375 0.240625 0.684375 0.290625 0.559375 0.290625
0 0.115625 0.1453125 0.334375 0.1453125 0.334375 0.2265625 0.115625 0.2265625
0 0.215625 0.4640625 0.340625 0.4640625 0.340625 0.5484375 0.215625 0.5484375
0 0.3484375 0.7828125 0.4953125 0.7828125 0.4953125 0.9484375 0.3484375 0.9484375
0 0.34375 0.68125 0.5015625 0.68125 0.5015625 0.81875 0.34375 0.81875
0 0.41875 0.50625 0.659375 0.50625 0.659375 0.6640625 0.41875 0.6640625
0 0.6171875 0.284375 0.8390625 0.284375 0.8390625 0.4203125 0.6171875 0.4203125
0 0.2546875 0.6921875 0.365625 0.6921875 0.365625 0.85 0.2546875 0.85
0 0.0796875 0.7984375 0.29375 0.7984375 0.29375 0.95625 0.0796875 0.95625
0 0.4203125 0.4125 0.6171875 0.4125 0.6171875 0.5265625 0.4203125 0.5265625
0 0.15 0.4796875 0.2546875 0.4796875 0.2546875 0.5640625 0.15 0.5640625