0 0.0640625 0.40625 0.1359375 0.40625 0.1359375 0.4640625 0.0640625 0.4640625
0 0.1515625 0.4203125 0.2390625 0.4203125 0.2390625 0.5234375 0.1515625 0.5234375
0 0.271875 0.2859375 0.346875 0.2859375 0.346875 0.3625 0.271875 0.3625
0 0.2234375 0.596875 0.309375 0.596875 0.309375 0.7125 0.2234375 0.7125
0 0.5578125 0.334375 0.653125 0.334375 0.653125 0.4578125 0.5578125 0.4578125
0 0.2984375 0.4953125 0.415625 0.4953125 0.415625 0.5515625 0.2984375 0.5515625
0 0.3734375 0.590625 0.4421875 0.590625 0.4421875 0.6640625 0.3734375 0.6640625
0 0.3421875 0.6609375 0.3984375 0.6609375 0.3984375 0.7578125 0.3421875 0.7578125
0 0.7546875 0.1171875 0.8140625 0.1171875 0.8140625 0.20625 0.7546875 0.20625
0 0.91875 0.3515625 0.9875 0.3515625 0.9875 0.428125 0.91875 0.428125
0 0.45 0.53125 0.54375 0.53125 0.54375 0.6625 0.45 0.6625
0 0.6171875 0.5125 0.725 0.5125 0.725 0.590625 0.6171875 0.590625
0 0.4984375 0.4296875 0.5515625 0.4296875 0.5515625 0.521875 0.4984375 0.521875
0 0.5796875 0.603125 0.63125 0.603125 0.63125 0.6609375 0.5796875 0.6609375
0 0.925 0.475 0.99375 0.475 0.99375 0.5859375 0.925 0.5859375
0 0.6890625 0.6 0.8359375 0.6 0.8359375 0.65625 0.6890625 0.65625
0 0.9296875 0.1 0.9890625 0.1 0.9890625 0.23125 0.9296875 0.23125
0 0.725 0.415625 0.7734375 0.415625 0.7734375 0.4921875 0.725 0.4921875
0 0.9015625 0.65625 0.953125 0.65625 0.953125 0.7703125 0.9015625 0.7703125
0 0.9484375 0.5953125 1 0.5953125 1 0.7046875 0.9484375 0.7046875
0 0.821875 0.3765625 0.8796875 0.3765625 0.8796875 0.4671875 0.821875 0.4671875
0 0.821875 0.2453125 0.8875 0.2453125 0.8875 0.3625 0.821875 0.3625
0 0.653125 0.2984375 0.7203125 0.2984375 0.7203125 0.3546875 0.653125 0.3546875
0 0.9546875 0.7515625 1 0.7515625 1 0.8625 0.9546875 0.8625