0 0.6546875 0.284375 0.73125 0.284375 0.73125 0.35 0.6546875 0.35
0 0.615625 0.365625 0.6640625 0.365625 0.6640625 0.4140625 0.615625 0.4140625
0 0.8046875 0.271875 0.8953125 0.271875 0.8953125 0.35625 0.8046875 0.35625
0 0.521875 0.521875 0.6390625 0.521875 0.6390625 0.596875 0.521875 0.596875
0 0.5875 0.446875 0.6890625 0.446875 0.6890625 0.5140625 0.5875 0.5140625
0 0.7109375 0.35 0.7703125 0.35 0.7703125 0.396875 0.7109375 0.396875
0 0.7984375 0.328125 0.8953125 0.328125 0.8953125 0.4078125 0.7984375 0.4078125
0 0.8078125 0.453125 0.94375 0.453125 0.94375 0.5359375 0.8078125 0.5359375
0 0.609375 0.7734375 0.69375 0.7734375 0.69375 0.865625 0.609375 0.865625
0 0.7203125 0.6640625 0.8703125 0.6640625 0.8703125 0.7671875 0.7203125 0.7671875
0 0.7484375 0.565625 0.8625 0.565625 0.8625 0.6296875 0.7484375 0.6296875
0 0.540625 0.8390625 0.6046875 0.8390625 0.6046875 0.9265625 0.540625 0.9265625
0 0.6546875 0.8390625 0.75625 0.8390625 0.75625 0.9265625 0.6546875 0.9265625