0 0.6046875 0.7109375 0.7703125 0.7109375 0.7703125 0.8078125 0.6046875 0.8078125
0 0.8171875 0.9015625 0.88125 0.9015625 0.88125 0.9921875 0.8171875 0.9921875
0 0.8890625 0.6421875 0.9609375 0.6421875 0.9609375 0.7375 0.8890625 0.7375
0 0.259375 0.5328125 0.4171875 0.5328125 0.4171875 0.69375 0.259375 0.69375
0 0.1984375 0.31875 0.3515625 0.31875 0.3515625 0.434375 0.1984375 0.434375
0 0.4546875 0.3109375 0.609375 0.3109375 0.609375 0.49375 0.4546875 0.49375
0 0.446875 0.6734375 0.5625 0.6734375 0.5625 0.7828125 0.446875 0.7828125
0 0.14375 0.4984375 0.271875 0.4984375 0.271875 0.6296875 0.14375 0.6296875
0 0.4140625 0.06875 0.6421875 0.06875 0.6421875 0.2171875 0.4140625 0.2171875
0 0.7046875 0.175 0.834375 0.175 0.834375 0.3109375 0.7046875 0.3109375
0 0.6296875 0.4125 0.803125 0.4125 0.803125 0.4859375 0.6296875 0.4859375
0 0.35625 0.4609375 0.875 0.4609375 0.875 0.73125 0.35625 0.73125
0 0.3859375 0.2203125 0.734375 0.2203125 0.734375 0.415625 0.3859375 0.415625
0 0.484375 0.534375 0.6421875 0.534375 0.6421875 0.6578125 0.484375 0.6578125