0 0.4140625 0.29375 0.5046875 0.29375 0.5046875 0.3484375 0.4140625 0.3484375
0 0.6515625 0.715625 0.6953125 0.715625 0.6953125 0.7921875 0.6515625 0.7921875
0 0.6421875 0.3921875 0.728125 0.3921875 0.728125 0.4484375 0.6421875 0.4484375
0 0.440625 0.559375 0.528125 0.559375 0.528125 0.6171875 0.440625 0.6171875
0 0.1421875 0.1859375 0.25625 0.1859375 0.25625 0.2734375 0.1421875 0.2734375
0 0.571875 0.1515625 0.690625 0.1515625 0.690625 0.2203125 0.571875 0.2203125
0 0.1890625 0.01875 0.3578125 0.01875 0.3578125 0.1359375 0.1890625 0.1359375
0 0.5015625 0.7328125 0.63125 0.7328125 0.63125 0.8421875 0.5015625 0.8421875
0 0.2921875 0.3734375 0.4109375 0.3734375 0.4109375 0.465625 0.2921875 0.465625
0 0.740625 0.1265625 0.8328125 0.1265625 0.8328125 0.30625 0.740625 0.30625
0 0.6578125 0.6140625 0.7265625 0.6140625 0.7265625 0.646875 0.6578125 0.646875
0 0.828125 0.8546875 0.9796875 0.8546875 0.9796875 0.9640625 0.828125 0.9640625
0 0.8609375 0.3953125 0.9734375 0.3953125 0.9734375 0.4515625 0.8609375 0.4515625
0 0.5296875 0.421875 0.5421875 0.421875 0.5421875 0.4234375 0.5296875 0.4234375
0 0.5375 0.4203125 0.6375 0.4203125 0.6375 0.6078125 0.5375 0.6078125
0 0.7296875 0.478125 0.8359375 0.478125 0.8359375 0.55 0.7296875 0.55
0 0.696875 0.6984375 0.759375 0.6984375 0.759375 0.7921875 0.696875 0.7921875
0 0.5640625 0.275 0.6421875 0.275 0.6421875 0.3546875 0.5640625 0.3546875
0 0.6671875 0.8546875 0.734375 0.8546875 0.734375 0.91875 0.6671875 0.91875
0 0.3453125 0.0890625 0.4265625 0.0890625 0.4265625 0.1609375 0.3453125 0.1609375
0 0.35625 0.23125 0.45625 0.23125 0.45625 0.325 0.35625 0.325
0 0.7578125 0.6390625 0.8296875 0.6390625 0.8296875 0.690625 0.7578125 0.690625
0 0.8484375 0.7125 0.9203125 0.7125 0.9203125 0.7890625 0.8484375 0.7890625
0 0.309375 0.678125 0.36875 0.678125 0.36875 0.7453125 0.309375 0.7453125
0 0.0546875 0.26875 0.1265625 0.26875 0.1265625 0.325 0.0546875 0.325
0 0.796875 0.090625 0.88125 0.090625 0.88125 0.15625 0.796875 0.15625
0 0.61875 0.2265625 0.7140625 0.2265625 0.7140625 0.3109375 0.61875 0.3109375
0 0.0859375 0.078125 0.1828125 0.078125 0.1828125 0.1375 0.0859375 0.1375
0 0.4234375 0.4078125 0.478125 0.4078125 0.478125 0.44375 0.4234375 0.44375
0 0.4078125 0.6453125 0.515625 0.6453125 0.515625 0.715625 0.4078125 0.715625
0 0.84375 0.646875 0.915625 0.646875 0.915625 0.696875 0.84375 0.696875
0 0.440625 0.49375 0.525 0.49375 0.525 0.546875 0.440625 0.546875
0 0.9359375 0.090625 1 0.090625 1 0.16875 0.9359375 0.16875