0 0.1734375 0.553125 0.28125 0.553125 0.28125 0.63125 0.1734375 0.63125
0 0.171875 0.1921875 0.25625 0.1921875 0.25625 0.3234375 0.171875 0.3234375
0 0.265625 0.2171875 0.3875 0.2171875 0.3875 0.278125 0.265625 0.278125
0 0.2296875 0.34375 0.303125 0.34375 0.303125 0.403125 0.2296875 0.403125
0 0.5921875 0.2828125 0.7015625 0.2828125 0.7015625 0.3984375 0.5921875 0.3984375
0 0.446875 0.44375 0.5265625 0.44375 0.5265625 0.5625 0.446875 0.5625
0 0.5515625 0.4890625 0.6484375 0.4890625 0.6484375 0.603125 0.5515625 0.603125
0 0.05625 0.859375 0.11875 0.859375 0.11875 1 0.05625 1
0 0.2234375 0.859375 0.2796875 0.859375 0.2796875 0.996875 0.2234375 0.996875
0 0.278125 0.5625 0.3703125 0.5625 0.3703125 0.71875 0.278125 0.71875
0 0.378125 0.4953125 0.490625 0.4953125 0.490625 0.6796875 0.378125 0.6796875
0 0.4671875 0.7140625 0.565625 0.7140625 0.565625 0.8796875 0.4671875 0.8796875
0 0.7171875 0.64375 0.8046875 0.64375 0.8046875 0.79375 0.7171875 0.79375
0 0.621875 0.78125 0.7046875 0.78125 0.7046875 0.8828125 0.621875 0.8828125
0 0.6953125 0.428125 0.7546875 0.428125 0.7546875 0.5 0.6953125 0.5
0 0.5609375 0.384375 0.6625 0.384375 0.6625 0.4625 0.5609375 0.4625
0 0.775 0.5203125 0.8515625 0.5203125 0.8515625 0.6015625 0.775 0.6015625
0 0.63125 0.896875 0.7109375 0.896875 0.7109375 0.984375 0.63125 0.984375
0 0.4171875 0.9015625 0.4703125 0.9015625 0.4703125 0.9984375 0.4171875 0.9984375