0 0.784375 0.175 0.88125 0.175 0.88125 0.2125 0.784375 0.2125
0 0.571875 0.19375 0.7046875 0.19375 0.7046875 0.2765625 0.571875 0.2765625
0 0.45625 0.321875 0.5390625 0.321875 0.5390625 0.4078125 0.45625 0.4078125
0 0.4609375 0.4265625 0.6078125 0.4265625 0.6078125 0.525 0.4609375 0.525
0 0.3875 0.4984375 0.5546875 0.4984375 0.5546875 0.603125 0.3875 0.603125
0 0.453125 0.6171875 0.578125 0.6171875 0.578125 0.671875 0.453125 0.671875
0 0.5515625 0.5203125 0.684375 0.5203125 0.684375 0.5875 0.5515625 0.5875
0 0.61875 0.6203125 0.765625 0.6203125 0.765625 0.675 0.61875 0.675
0 0.5734375 0.6640625 0.7640625 0.6640625 0.7640625 0.7328125 0.5734375 0.7328125
0 0.7203125 0.5578125 0.840625 0.5578125 0.840625 0.603125 0.7203125 0.603125
0 0.7890625 0.6984375 0.875 0.6984375 0.875 0.74375 0.7890625 0.74375
0 0.3609375 0.6109375 0.490625 0.6109375 0.490625 0.6609375 0.3609375 0.6609375