0 0.009375 0.3109375 0.0921875 0.3109375 0.0921875 0.4171875 0.009375 0.4171875
0 0.2328125 0.0703125 0.340625 0.0703125 0.340625 0.1375 0.2328125 0.1375
0 0 0.603125 0.071875 0.603125 0.071875 0.725 0 0.725
0 0.4 0.2265625 0.53125 0.2265625 0.53125 0.3890625 0.4 0.3890625
0 0.6109375 0.165625 0.709375 0.165625 0.709375 0.2484375 0.6109375 0.2484375
0 0.309375 0.5453125 0.415625 0.5453125 0.415625 0.596875 0.309375 0.596875
0 0.1140625 0.6828125 0.2171875 0.6828125 0.2171875 0.7640625 0.1140625 0.7640625
0 0.2453125 0.7578125 0.30625 0.7578125 0.30625 0.903125 0.2453125 0.903125
0 0.0828125 0.1578125 0.18125 0.1578125 0.18125 0.23125 0.0828125 0.23125
0 0.4234375 0.4390625 0.528125 0.4390625 0.528125 0.5328125 0.4234375 0.5328125
0 0.665625 0.2921875 0.765625 0.2921875 0.765625 0.4296875 0.665625 0.4296875
0 0.4015625 0.71875 0.4609375 0.71875 0.4609375 0.771875 0.4015625 0.771875
0 0.55625 0.6328125 0.625 0.6328125 0.625 0.73125 0.55625 0.73125
0 0.25625 0.58125 0.3140625 0.58125 0.3140625 0.6328125 0.25625 0.6328125
0 0.6328125 0.8390625 0.6890625 0.8390625 0.6890625 0.9 0.6328125 0.9
0 0.590625 0.9 0.6625 0.9 0.6625 0.940625 0.590625 0.940625
0 0.275 0.1953125 0.378125 0.1953125 0.378125 0.246875 0.275 0.246875
0 0.29375 0.025 0.375 0.025 0.375 0.06875 0.29375 0.06875
0 0.0421875 0.7609375 0.096875 0.7609375 0.096875 0.8140625 0.0421875 0.8140625
0 0.41875 0.9265625 0.515625 0.9265625 0.515625 0.9921875 0.41875 0.9921875
0 0.696875 0.7984375 0.79375 0.7984375 0.79375 0.8796875 0.696875 0.8796875
0 0.39375 0.034375 0.475 0.034375 0.475 0.09375 0.39375 0.09375
0 0.40625 0.115625 0.5125 0.115625 0.5125 0.1828125 0.40625 0.1828125
0 0.521875 0.0875 0.590625 0.0875 0.590625 0.1484375 0.521875 0.1484375
0 0.54375 0.203125 0.6125 0.203125 0.6125 0.33125 0.54375 0.33125
0 0.5421875 0.3671875 0.65625 0.3671875 0.65625 0.515625 0.5421875 0.515625
0 0.134375 0.55 0.2546875 0.55 0.2546875 0.659375 0.134375 0.659375
0 0.809375 0.1484375 0.8765625 0.1484375 0.8765625 0.35 0.809375 0.35
0 0.7078125 0.9046875 0.7953125 0.9046875 0.7953125 0.990625 0.7078125 0.990625
0 0.8015625 0.796875 0.8421875 0.796875 0.8421875 0.859375 0.8015625 0.859375
0 0.8140625 0.896875 0.9171875 0.896875 0.9171875 0.9890625 0.8140625 0.9890625
0 0.6046875 0.5328125 0.759375 0.5328125 0.759375 0.6328125 0.6046875 0.6328125
0 0.665625 0.4515625 0.7953125 0.4515625 0.7953125 0.515625 0.665625 0.515625
0 0.4390625 0.5484375 0.5 0.5484375 0.5 0.65 0.4390625 0.65
0 0.6 0.0765625 0.7015625 0.0765625 0.7015625 0.153125 0.6 0.153125