0 0.3296875 0.4546875 0.465625 0.4546875 0.465625 0.596875 0.3296875 0.596875
0 0.334375 0.3015625 0.44375 0.3015625 0.44375 0.3703125 0.334375 0.3703125
0 0.621875 0.4265625 0.7078125 0.4265625 0.7078125 0.5828125 0.621875 0.5828125
0 0.49375 0.0859375 0.6421875 0.0859375 0.6421875 0.3921875 0.49375 0.3921875
0 0.2203125 0.140625 0.315625 0.140625 0.315625 0.2515625 0.2203125 0.2515625
0 0.2390625 0.678125 0.3484375 0.678125 0.3484375 0.81875 0.2390625 0.81875
0 0.3453125 0.065625 0.4953125 0.065625 0.4953125 0.2078125 0.3453125 0.2078125
0 0.721875 0.4296875 0.8078125 0.4296875 0.8078125 0.5765625 0.721875 0.5765625
0 0.5640625 0.625 0.7 0.625 0.7 0.7578125 0.5640625 0.7578125
0 0.4109375 0.6234375 0.51875 0.6234375 0.51875 0.709375 0.4109375 0.709375
0 0.1640625 0.5453125 0.2609375 0.5453125 0.2609375 0.6734375 0.1640625 0.6734375
0 0.828125 0.4171875 0.915625 0.4171875 0.915625 0.5671875 0.828125 0.5671875