0 0.1875 0.4734375 0.2375 0.4734375 0.2375 0.5234375 0.1875 0.5234375
0 0.240625 0.3203125 0.29375 0.3203125 0.29375 0.3890625 0.240625 0.3890625
0 0.0921875 0.9 0.1484375 0.9 0.1484375 0.9765625 0.0921875 0.9765625
0 0.4109375 0.53125 0.4890625 0.53125 0.4890625 0.6125 0.4109375 0.6125
0 0.3359375 0.3046875 0.421875 0.3046875 0.421875 0.4046875 0.3359375 0.4046875
0 0.55 0.05625 0.615625 0.05625 0.615625 0.1078125 0.55 0.1078125
0 0.49375 0.1375 0.5671875 0.1375 0.5671875 0.209375 0.49375 0.209375
0 0.4546875 0.2390625 0.53125 0.2390625 0.53125 0.3515625 0.4546875 0.3515625
0 0.68125 0.0796875 0.7640625 0.0796875 0.7640625 0.1765625 0.68125 0.1765625
0 0.6875 0.2125 0.7375 0.2125 0.7375 0.359375 0.6875 0.359375
0 0.6515625 0.1640625 0.6984375 0.1640625 0.6984375 0.2328125 0.6515625 0.2328125
0 0.75 0.146875 0.7984375 0.146875 0.7984375 0.2625 0.75 0.2625
0 0.8609375 0.528125 0.90625 0.528125 0.90625 0.5859375 0.8609375 0.5859375
0 0.75625 0.45625 0.8328125 0.45625 0.8328125 0.56875 0.75625 0.56875
0 0.6 0.2875 0.6546875 0.2875 0.6546875 0.40625 0.6 0.40625
0 0.459375 0.45625 0.525 0.45625 0.525 0.5546875 0.459375 0.5546875
0 0.4578125 0.6453125 0.5140625 0.6453125 0.5140625 0.74375 0.4578125 0.74375
0 0.5203125 0.7234375 0.5921875 0.7234375 0.5921875 0.9 0.5203125 0.9
0 0.5375 0.60625 0.571875 0.60625 0.571875 0.690625 0.5375 0.690625
0 0.5515625 0.365625 0.596875 0.365625 0.596875 0.4375 0.5515625 0.4375
0 0.56875 0.5109375 0.609375 0.5109375 0.609375 0.6109375 0.56875 0.6109375
0 0.659375 0.3875 0.696875 0.3875 0.696875 0.459375 0.659375 0.459375
0 0.6734375 0.4703125 0.7328125 0.4703125 0.7328125 0.5421875 0.6734375 0.5421875
0 0.621875 0.5234375 0.709375 0.5234375 0.709375 0.6703125 0.621875 0.6703125
0 0.7234375 0.7578125 0.771875 0.7578125 0.771875 0.815625 0.7234375 0.815625
0 0.1078125 0.5609375 0.15625 0.5609375 0.15625 0.6640625 0.1078125 0.6640625
0 0.1625 0.7578125 0.2140625 0.7578125 0.2140625 0.859375 0.1625 0.859375
0 0.1140625 0.8078125 0.225 0.8078125 0.225 0.915625 0.1140625 0.915625