3 0.4359375 0.46875 0.5546875 0.46875 0.5546875 0.53125 0.4359375 0.53125
3 0.2625 0.1296875 0.353125 0.1296875 0.353125 0.240625 0.2625 0.240625
3 0.2953125 0 0.4265625 0 0.4265625 0.0203125 0.2953125 0.0203125
3 0.625 0.0171875 0.728125 0.0171875 0.728125 0.171875 0.625 0.171875
3 0.721875 0.06875 0.809375 0.06875 0.809375 0.2296875 0.721875 0.2296875
3 0.6671875 0.390625 0.7359375 0.390625 0.7359375 0.546875 0.6671875 0.546875
3 0.4734375 0.6546875 0.5390625 0.6546875 0.5390625 0.821875 0.4734375 0.821875
3 0.284375 0.4 0.35 0.4 0.35 0.546875 0.284375 0.546875
3 0.2484375 0.2125 0.3203125 0.2125 0.3203125 0.3671875 0.2484375 0.3671875
3 0.20625 0.0828125 0.309375 0.0828125 0.309375 0.2328125 0.20625 0.2328125
3 0.46875 0.0265625 0.553125 0.0265625 0.553125 0.1296875 0.46875 0.1296875
3 0.434375 0.58125 0.496875 0.58125 0.496875 0.7046875 0.434375 0.7046875
3 0.6578125 0.621875 0.6953125 0.621875 0.6953125 0.7796875 0.6578125 0.7796875
3 0.66875 0.1578125 0.734375 0.1578125 0.734375 0.33125 0.66875 0.33125
3 0.5578125 0.584375 0.6109375 0.584375 0.6109375 0.7828125 0.5578125 0.7828125
3 0.640625 0.3625 0.6703125 0.3625 0.6703125 0.5109375 0.640625 0.5109375
3 0.740625 0.334375 0.7921875 0.334375 0.7921875 0.4234375 0.740625 0.4234375
3 0.2375 0.4046875 0.2828125 0.4046875 0.2828125 0.5515625 0.2375 0.5515625
3 0.284375 0.5515625 0.33125 0.5515625 0.33125 0.675 0.284375 0.675
3 0.3671875 0.365625 0.4234375 0.365625 0.4234375 0.496875 0.3671875 0.496875
3 0.3421875 0.0453125 0.3890625 0.0453125 0.3890625 0.1609375 0.3421875 0.1609375
3 0.6015625 0.0171875 0.659375 0.0171875 0.659375 0.1578125 0.6015625 0.1578125
3 0.3953125 0.528125 0.4640625 0.528125 0.4640625 0.7875 0.3953125 0.7875
3 0.578125 0.5140625 0.6453125 0.5140625 0.6453125 0.56875 0.578125 0.56875
3 0.3046875 0.6921875 0.38125 0.6921875 0.38125 0.7125 0.3046875 0.7125
3 0.628125 0.615625 0.64375 0.615625 0.64375 0.7640625 0.628125 0.7640625
3 0.0890625 0.00625 0.115625 0.00625 0.115625 0.0171875 0.0890625 0.0171875
3 0.171875 0.2703125 0.2859375 0.2703125 0.2859375 0.5859375 0.171875 0.5859375
3 0.425 0.828125 0.484375 0.828125 0.484375 0.9046875 0.425 0.9046875
3 0.484375 0.86875 0.528125 0.86875 0.528125 0.90625 0.484375 0.90625