3 0.1546875 0.34375 0.2453125 0.34375 0.2453125 0.4859375 0.1546875 0.4859375
3 0.2171875 0.5796875 0.38125 0.5796875 0.38125 0.609375 0.2171875 0.609375
3 0.5484375 0.5921875 0.675 0.5921875 0.675 0.703125 0.5484375 0.703125
3 0.7203125 0.3296875 0.8375 0.3296875 0.8375 0.4296875 0.7203125 0.4296875
3 0.2953125 0.159375 0.4765625 0.159375 0.4765625 0.18125 0.2953125 0.18125
3 0.4390625 0.0546875 0.5578125 0.0546875 0.5578125 0.084375 0.4390625 0.084375
3 0.1046875 0.209375 0.2578125 0.209375 0.2578125 0.2578125 0.1046875 0.2578125
3 0.846875 0.2359375 0.9515625 0.2359375 0.9515625 0.3078125 0.846875 0.3078125
3 0.06875 0.29375 0.2578125 0.29375 0.2578125 0.4234375 0.06875 0.4234375
3 0.3 0.3328125 0.4671875 0.3328125 0.4671875 0.3984375 0.3 0.3984375
3 0.6390625 0.2203125 0.7109375 0.2203125 0.7109375 0.265625 0.6390625 0.265625
3 0.44375 0.6109375 0.5390625 0.6109375 0.5390625 0.6921875 0.44375 0.6921875