3 0.1109375 0.040625 0.2640625 0.040625 0.2640625 0.121875 0.1109375 0.121875
3 0.0890625 0.296875 0.278125 0.296875 0.278125 0.3734375 0.0890625 0.3734375
3 0.346875 0.4890625 0.4859375 0.4890625 0.4859375 0.6125 0.346875 0.6125
3 0.578125 0.5671875 0.75 0.5671875 0.75 0.70625 0.578125 0.70625
3 0.828125 0.6046875 0.9671875 0.6046875 0.9671875 0.68125 0.828125 0.68125
3 0.50625 0.128125 0.696875 0.128125 0.696875 0.165625 0.50625 0.165625
3 0.675 0.215625 0.7578125 0.215625 0.7578125 0.2171875 0.675 0.2171875
3 0.8640625 0.1390625 0.9109375 0.1390625 0.9109375 0.1578125 0.8640625 0.1578125
3 0.39375 0.0203125 0.5140625 0.0203125 0.5140625 0.084375 0.39375 0.084375
3 0.078125 0.203125 0.2359375 0.203125 0.2359375 0.2546875 0.078125 0.2546875
3 0.2203125 0.4671875 0.3171875 0.4671875 0.3171875 0.55625 0.2203125 0.55625
3 0.09375 0.4515625 0.1890625 0.4515625 0.1890625 0.5265625 0.09375 0.5265625
3 0.3171875 0.65 0.4359375 0.65 0.4359375 0.7234375 0.3171875 0.7234375
3 0.503125 0.6765625 0.628125 0.6765625 0.628125 0.7828125 0.503125 0.7828125
3 0.628125 0.7828125 0.671875 0.7828125 0.671875 0.790625 0.628125 0.790625
3 0.6859375 0.753125 0.753125 0.753125 0.753125 0.7796875 0.6859375 0.7796875
3 0.35 0.2421875 0.425 0.2421875 0.425 0.2484375 0.35 0.2484375
3 0.3171875 0.1109375 0.396875 0.1109375 0.396875 0.121875 0.3171875 0.121875
3 0.3109375 0.0375 0.371875 0.0375 0.371875 0.06875 0.3109375 0.06875
3 0.0140625 0.0546875 0.096875 0.0546875 0.096875 0.1578125 0.0140625 0.1578125
3 0.0671875 0.1578125 0.0890625 0.1578125 0.0890625 0.328125 0.0671875 0.328125
3 0.0109375 0.15625 0.025 0.15625 0.025 0.3234375 0.0109375 0.3234375
3 0.759375 0.0296875 0.9484375 0.0296875 0.9484375 0.1265625 0.759375 0.1265625
3 0.8921875 0.209375 0.95 0.209375 0.95 0.29375 0.8921875 0.29375
3 0.2859375 0.165625 0.425 0.165625 0.425 0.221875 0.2859375 0.221875
3 0.925 0.50625 0.9921875 0.50625 0.9921875 0.5109375 0.925 0.5109375