3 0.5078125 0.246875 0.578125 0.246875 0.578125 0.3765625 0.5078125 0.3765625
3 0.2640625 0.7890625 0.3765625 0.7890625 0.3765625 0.934375 0.2640625 0.934375
3 0.2328125 0.0671875 0.309375 0.0671875 0.309375 0.165625 0.2328125 0.165625
3 0.5984375 0.346875 0.6578125 0.346875 0.6578125 0.5203125 0.5984375 0.5203125
3 0.4703125 0.71875 0.5390625 0.71875 0.5390625 0.89375 0.4703125 0.89375
3 0.628125 0.1453125 0.725 0.1453125 0.725 0.3328125 0.628125 0.3328125
3 0.1140625 0.16875 0.1578125 0.16875 0.1578125 0.3765625 0.1140625 0.3765625
3 0.48125 0.0375 0.5453125 0.0375 0.5453125 0.153125 0.48125 0.153125
3 0.4125 0.6921875 0.4625 0.6921875 0.4625 0.9 0.4125 0.9
3 0.5546875 0.5984375 0.6203125 0.5984375 0.6203125 0.75625 0.5546875 0.75625
3 0.6625 0.53125 0.7140625 0.53125 0.7140625 0.64375 0.6625 0.64375