3 0.696875 0.2328125 0.753125 0.2328125 0.753125 0.5109375 0.696875 0.5109375
3 0.2609375 0.121875 0.3796875 0.121875 0.3796875 0.440625 0.2609375 0.440625
3 0.4609375 0.209375 0.59375 0.209375 0.59375 0.609375 0.4609375 0.609375
3 0.43125 0.684375 0.5953125 0.684375 0.5953125 0.91875 0.43125 0.91875
3 0.7609375 0.246875 0.8765625 0.246875 0.8765625 0.471875 0.7609375 0.471875
3 0.68125 0.690625 0.7375 0.690625 0.7375 0.8125 0.68125 0.8125
3 0.6046875 0.0578125 0.7125 0.0578125 0.7125 0.3 0.6046875 0.3
3 0.3953125 0.0765625 0.55625 0.0765625 0.55625 0.3328125 0.3953125 0.3328125
3 0.303125 0.546875 0.4203125 0.546875 0.4203125 0.7421875 0.303125 0.7421875
3 0.2515625 0.5703125 0.421875 0.5703125 0.421875 0.7265625 0.2515625 0.7265625
3 0.2578125 0.49375 0.484375 0.49375 0.484375 0.7796875 0.2578125 0.7796875