3 0.4359375 0.3671875 0.6171875 0.3671875 0.6171875 0.5890625 0.4359375 0.5890625
3 0.6328125 0.2359375 0.8046875 0.2359375 0.8046875 0.4515625 0.6328125 0.4515625
3 0.2296875 0.125 0.340625 0.125 0.340625 0.503125 0.2296875 0.503125
3 0.3625 0.709375 0.3671875 0.709375 0.3671875 0.725 0.3625 0.725
3 0.71875 0.0984375 0.721875 0.0984375 0.721875 0.1015625 0.71875 0.1015625
3 0.66875 0.06875 0.8390625 0.06875 0.8390625 0.2 0.66875 0.2
3 0.45625 0.1015625 0.5921875 0.1015625 0.5921875 0.30625 0.45625 0.30625
3 0.3625 0.6515625 0.5609375 0.6515625 0.5609375 0.834375 0.3625 0.834375
3 0.8140625 0.1921875 0.890625 0.1921875 0.890625 0.4640625 0.8140625 0.4640625
3 0.2265625 0.5234375 0.66875 0.5234375 0.66875 0.8859375 0.2265625 0.8859375
3 0.4171875 0.9046875 0.6828125 0.9046875 0.6828125 1 0.4171875 1