3 0.3828125 0.21875 0.5046875 0.21875 0.5046875 0.46875 0.3828125 0.46875
3 0.3828125 0.5828125 0.5140625 0.5828125 0.5140625 0.8125 0.3828125 0.8125
3 0.5375 0.1859375 0.7125 0.1859375 0.7125 0.43125 0.5375 0.43125
3 0.2375 0.3484375 0.3515625 0.3484375 0.3515625 0.5640625 0.2375 0.5640625
3 0.2921875 0.04375 0.3765625 0.04375 0.3765625 0.2078125 0.2921875 0.2078125
3 0.175 0.671875 0.3046875 0.671875 0.3046875 0.8890625 0.175 0.8890625
3 0.8140625 0.3640625 0.8828125 0.3640625 0.8828125 0.5828125 0.8140625 0.5828125
3 0.5828125 0.8515625 0.6921875 0.8515625 0.6921875 0.99375 0.5828125 0.99375
3 0.3671875 0.8421875 0.46875 0.8421875 0.46875 1 0.3671875 1
3 0.2234375 0.7734375 0.3046875 0.7734375 0.3046875 0.9421875 0.2234375 0.9421875
3 0.0140625 0.7125 0.1125 0.7125 0.1125 0.865625 0.0140625 0.865625
3 0.584375 0.4828125 0.7515625 0.4828125 0.7515625 0.6203125 0.584375 0.6203125
3 0.54375 0.05625 0.7203125 0.05625 0.7203125 0.203125 0.54375 0.203125
3 0.171875 0.046875 0.28125 0.046875 0.28125 0.2828125 0.171875 0.2828125