3 0.5609375 0.1015625 0.6421875 0.1015625 0.6421875 0.1984375 0.5609375 0.1984375
3 0.7109375 0.2625 0.7890625 0.2625 0.7890625 0.3984375 0.7109375 0.3984375
3 0.7453125 0.309375 0.765625 0.309375 0.765625 0.403125 0.7453125 0.403125
3 0.7828125 0.1203125 0.871875 0.1203125 0.871875 0.4890625 0.7828125 0.4890625
3 0.7796875 0.3796875 0.9203125 0.3796875 0.9203125 0.48125 0.7796875 0.48125
3 0.8171875 0.325 0.875 0.325 0.875 0.6171875 0.8171875 0.6171875
3 0.7625 0.6515625 0.8234375 0.6515625 0.8234375 0.8 0.7625 0.8
3 0.33125 0.525 0.490625 0.525 0.490625 0.6640625 0.33125 0.6640625
3 0.6765625 0.06875 0.75 0.06875 0.75 0.2171875 0.6765625 0.2171875
3 0.4625 0.0109375 0.51875 0.0109375 0.51875 0.2 0.4625 0.2
3 0.6078125 0.715625 0.6984375 0.715625 0.6984375 0.8890625 0.6078125 0.8890625
3 0.3359375 0.003125 0.415625 0.003125 0.415625 0.1828125 0.3359375 0.1828125