3 0.0578125 0.484375 0.159375 0.484375 0.159375 0.5625 0.0578125 0.5625
3 0.2109375 0.8125 0.309375 0.8125 0.309375 0.871875 0.2109375 0.871875
3 0.39375 0.5203125 0.4796875 0.5203125 0.4796875 0.590625 0.39375 0.590625
3 0.2109375 0.1078125 0.303125 0.1078125 0.303125 0.2296875 0.2109375 0.2296875
3 0.375 0.1125 0.434375 0.1125 0.434375 0.1953125 0.375 0.1953125
3 0.1921875 0.6734375 0.315625 0.6734375 0.315625 0.7109375 0.1921875 0.7109375
3 0.3421875 0.4734375 0.3890625 0.4734375 0.3890625 0.5390625 0.3421875 0.5390625
3 0.2171875 0.4859375 0.296875 0.4859375 0.296875 0.5484375 0.2171875 0.5484375
3 0.065625 0.5953125 0.134375 0.5953125 0.134375 0.6484375 0.065625 0.6484375
3 0.096875 0.7421875 0.140625 0.7421875 0.140625 0.8203125 0.096875 0.8203125
3 0.353125 0.765625 0.396875 0.765625 0.396875 0.8203125 0.353125 0.8203125
3 0.1015625 0.4390625 0.1609375 0.4390625 0.1609375 0.4859375 0.1015625 0.4859375