3 0.0515625 0.15625 0.325 0.15625 0.325 0.4578125 0.0515625 0.4578125
3 0.4375 0.2640625 0.7828125 0.2640625 0.7828125 0.725 0.4375 0.725
3 0.840625 0.2078125 0.915625 0.2078125 0.915625 0.6453125 0.840625 0.6453125
3 0.1796875 0.61875 0.3390625 0.61875 0.3390625 0.871875 0.1796875 0.871875
3 0.021875 0.653125 0.35625 0.653125 0.35625 0.96875 0.021875 0.96875
3 0.44375 0.8078125 0.7625 0.8078125 0.7625 1 0.44375 1
3 0.5578125 0 0.775 0 0.775 0.25625 0.5578125 0.25625
3 0.3296875 0 0.5171875 0 0.5171875 0.228125 0.3296875 0.228125
3 0.8703125 0.0828125 0.9890625 0.0828125 0.9890625 0.3546875 0.8703125 0.3546875
3 0.85 0.71875 0.9125 0.71875 0.9125 1 0.85 1
3 0.1046875 0.0390625 0.2140625 0.0390625 0.2140625 0.2375 0.1046875 0.2375