3 0.2109375 0.68125 0.3671875 0.68125 0.3671875 0.9375 0.2109375 0.9375
3 0.0578125 0.2640625 0.11875 0.2640625 0.11875 0.5046875 0.0578125 0.5046875
3 0.3703125 0.2265625 0.4796875 0.2265625 0.4796875 0.4109375 0.3703125 0.4109375
3 0.1875 0.475 0.340625 0.475 0.340625 0.5765625 0.1875 0.5765625
3 0.575 0.6453125 0.7046875 0.6453125 0.7046875 0.7609375 0.575 0.7609375
3 0.65 0.8671875 0.846875 0.8671875 0.846875 1 0.65 1
3 0.840625 0.64375 0.9765625 0.64375 0.9765625 0.7546875 0.840625 0.7546875
3 0.6765625 0.3234375 0.8640625 0.3234375 0.8640625 0.4984375 0.6765625 0.4984375
3 0.7421875 0.253125 0.9625 0.253125 0.9625 0.4515625 0.7421875 0.4515625
3 0.084375 0.7046875 0.225 0.7046875 0.225 0.875 0.084375 0.875
3 0.546875 0.746875 0.6328125 0.746875 0.6328125 0.909375 0.546875 0.909375