3 0.2671875 0.1984375 0.5171875 0.1984375 0.5171875 0.4328125 0.2671875 0.4328125
3 0.5328125 0.23125 0.6796875 0.23125 0.6796875 0.4171875 0.5328125 0.4171875
3 0.7765625 0.275 0.9375 0.275 0.9375 0.315625 0.7765625 0.315625
3 0.4671875 0.534375 0.6828125 0.534375 0.6828125 0.8140625 0.4671875 0.8140625
3 0.1890625 0.6515625 0.5078125 0.6515625 0.5078125 0.8765625 0.1890625 0.8765625
3 0.6796875 0.68125 0.903125 0.68125 0.903125 0.9703125 0.6796875 0.9703125
3 0.7296875 0.321875 0.88125 0.321875 0.88125 0.6734375 0.7296875 0.6734375
3 0.4875 0.0484375 0.7390625 0.0484375 0.7390625 0.3 0.4875 0.3
3 0.7546875 0.025 0.9625 0.025 0.9625 0.28125 0.7546875 0.28125
3 0.24375 0 0.490625 0 0.490625 0.1796875 0.24375 0.1796875
3 0.153125 0.2953125 0.35625 0.2953125 0.35625 0.665625 0.153125 0.665625