8 0.2046875 0.375 0.2453125 0.375 0.2453125 0.403125 0.2046875 0.403125
0 0.2421875 0.4234375 0.2984375 0.4234375 0.2984375 0.4859375 0.2421875 0.4859375
0 0.6140625 0.4375 0.6546875 0.4375 0.6546875 0.490625 0.6140625 0.490625
8 0.3484375 0.6203125 0.378125 0.6203125 0.378125 0.653125 0.3484375 0.653125
8 0.2859375 0.65625 0.3078125 0.65625 0.3078125 0.684375 0.2859375 0.684375
8 0.340625 0.7140625 0.375 0.7140625 0.375 0.746875 0.340625 0.746875
8 0.3640625 0.7453125 0.3953125 0.7453125 0.3953125 0.7765625 0.3640625 0.7765625
0 0.2140625 0.746875 0.2640625 0.746875 0.2640625 0.8078125 0.2140625 0.8078125
0 0.4046875 0.7546875 0.4578125 0.7546875 0.4578125 0.8078125 0.4046875 0.8078125
8 0.3015625 0.7984375 0.3421875 0.7984375 0.3421875 0.8328125 0.3015625 0.8328125
8 0.5078125 0.1734375 0.5484375 0.1734375 0.5484375 0.2109375 0.5078125 0.2109375