0 0.321875 0.6484375 0.35625 0.6484375 0.35625 0.6734375 0.321875 0.6734375
0 0.26875 0.6703125 0.31875 0.6703125 0.31875 0.709375 0.26875 0.709375
0 0.346875 0.678125 0.38125 0.678125 0.38125 0.70625 0.346875 0.70625
0 0.2484375 0.7015625 0.290625 0.7015625 0.290625 0.7328125 0.2484375 0.7328125
0 0.3640625 0.7015625 0.4015625 0.7015625 0.4015625 0.7328125 0.3640625 0.7328125
0 0.3140625 0.7234375 0.3640625 0.7234375 0.3640625 0.759375 0.3140625 0.759375
0 0.2421875 0.7375 0.28125 0.7375 0.28125 0.7625 0.2421875 0.7625
1 0.290625 0.7421875 0.3171875 0.7421875 0.3171875 0.771875 0.290625 0.771875
0 0.3625 0.7625 0.396875 0.7625 0.396875 0.79375 0.3625 0.79375
0 0.2953125 0.790625 0.325 0.790625 0.325 0.815625 0.2953125 0.815625
0 0.315625 0.796875 0.359375 0.796875 0.359375 0.83125 0.315625 0.83125