1 0.5265625 0.2671875 0.5671875 0.2671875 0.5671875 0.30625 0.5265625 0.30625
1 0.20625 0.359375 0.240625 0.359375 0.240625 0.3890625 0.20625 0.3890625
0 0.4484375 0.3953125 0.5234375 0.3953125 0.5234375 0.4734375 0.4484375 0.4734375
0 0.54375 0.440625 0.5828125 0.440625 0.5828125 0.478125 0.54375 0.478125
0 0.375 0.6703125 0.4265625 0.6703125 0.4265625 0.7125 0.375 0.7125
0 0.1046875 0.66875 0.1640625 0.66875 0.1640625 0.715625 0.1046875 0.715625
0 0.1875 0.696875 0.228125 0.696875 0.228125 0.7234375 0.1875 0.7234375
0 0.1796875 0.715625 0.21875 0.715625 0.21875 0.7375 0.1796875 0.7375
0 0.3609375 0.7203125 0.396875 0.7203125 0.396875 0.7546875 0.3609375 0.7546875
0 0.5328125 0.7203125 0.5671875 0.7203125 0.5671875 0.759375 0.5328125 0.759375
0 0.1171875 0.7203125 0.1734375 0.7203125 0.1734375 0.7671875 0.1171875 0.7671875
0 0.31875 0.7265625 0.3703125 0.7265625 0.3703125 0.7640625 0.31875 0.7640625
0 0.559375 0.725 0.596875 0.725 0.596875 0.7703125 0.559375 0.7703125
0 0.13125 0.7625 0.178125 0.7625 0.178125 0.79375 0.13125 0.79375