8 0.4265625 0.2546875 0.490625 0.2546875 0.490625 0.3078125 0.4265625 0.3078125
8 0.359375 0.2625 0.4296875 0.2625 0.4296875 0.315625 0.359375 0.315625
8 0.4015625 0.33125 0.4625 0.33125 0.4625 0.3703125 0.4015625 0.3703125
8 0.35625 0.3328125 0.4171875 0.3328125 0.4171875 0.378125 0.35625 0.378125
8 0.2796875 0.3609375 0.340625 0.3609375 0.340625 0.403125 0.2796875 0.403125
0 0.4625 0.3609375 0.584375 0.3609375 0.584375 0.4453125 0.4625 0.4453125
0 0.4171875 0.4109375 0.490625 0.4109375 0.490625 0.478125 0.4171875 0.478125
8 0.51875 0.49375 0.5734375 0.49375 0.5734375 0.534375 0.51875 0.534375
8 0.378125 0.034375 0.4328125 0.034375 0.4328125 0.0796875 0.378125 0.0796875
8 0.49375 0.534375 0.5640625 0.534375 0.5640625 0.5765625 0.49375 0.5765625
0 0.1515625 0.559375 0.3203125 0.559375 0.3203125 0.678125 0.1515625 0.678125
0 0.4578125 0.0359375 0.5515625 0.0359375 0.5515625 0.09375 0.4578125 0.09375
0 0.2890625 0.665625 0.4109375 0.665625 0.4109375 0.7453125 0.2890625 0.7453125
8 0.1796875 0.6859375 0.246875 0.6859375 0.246875 0.728125 0.1796875 0.728125
8 0.33125 0.8203125 0.4078125 0.8203125 0.4078125 0.865625 0.33125 0.865625
0 0.5 0.1015625 0.5859375 0.1015625 0.5859375 0.159375 0.5 0.159375
8 0.4234375 0.1296875 0.5 0.1296875 0.5 0.165625 0.4234375 0.165625
8 0.625 0.159375 0.6828125 0.159375 0.6828125 0.2046875 0.625 0.2046875
8 0.4359375 0.1703125 0.496875 0.1703125 0.496875 0.2140625 0.4359375 0.2140625
0 0.503125 0.165625 0.60625 0.165625 0.60625 0.25 0.503125 0.25