0 0.478125 0.2796875 0.5171875 0.2796875 0.5171875 0.315625 0.478125 0.315625
0 0.3890625 0.3890625 0.4421875 0.3890625 0.4421875 0.4328125 0.3890625 0.4328125
0 0.8421875 0.40625 0.8828125 0.40625 0.8828125 0.4453125 0.8421875 0.4453125
8 0.4328125 0.41875 0.4640625 0.41875 0.4640625 0.4421875 0.4328125 0.4421875
8 0.4359375 0.53125 0.471875 0.53125 0.471875 0.559375 0.4359375 0.559375
8 0.4265625 0.553125 0.4625 0.553125 0.4625 0.58125 0.4265625 0.58125
0 0.7796875 0.6125 0.821875 0.6125 0.821875 0.6640625 0.7796875 0.6640625
0 0.8296875 0.61875 0.871875 0.61875 0.871875 0.6765625 0.8296875 0.6765625
0 0.6109375 0.8546875 0.6734375 0.8546875 0.6734375 0.9125 0.6109375 0.9125
0 0.565625 0.8734375 0.6078125 0.8734375 0.6078125 0.909375 0.565625 0.909375
0 0.646875 0.9109375 0.684375 0.9109375 0.684375 0.9453125 0.646875 0.9453125
0 0.5828125 0.928125 0.6234375 0.928125 0.6234375 0.965625 0.5828125 0.965625
0 0.55 0.9609375 0.6109375 0.9609375 0.6109375 1 0.55 1