0 0.3234375 0.2359375 0.353125 0.2359375 0.353125 0.2734375 0.3234375 0.2734375
0 0.7890625 0.303125 0.83125 0.303125 0.83125 0.3609375 0.7890625 0.3609375
0 0.8078125 0.4234375 0.8375 0.4234375 0.8375 0.4640625 0.8078125 0.4640625
0 0.603125 0.5203125 0.634375 0.5203125 0.634375 0.5484375 0.603125 0.5484375
0 0.3640625 0.5578125 0.4015625 0.5578125 0.4015625 0.6109375 0.3640625 0.6109375
0 0.8078125 0.5625 0.853125 0.5625 0.853125 0.6109375 0.8078125 0.6109375
0 0.7921875 0.603125 0.8421875 0.603125 0.8421875 0.6546875 0.7921875 0.6546875
0 0.5234375 0.6296875 0.5671875 0.6296875 0.5671875 0.6734375 0.5234375 0.6734375
0 0.646875 0.640625 0.7 0.640625 0.7 0.7125 0.646875 0.7125
0 0.7859375 0.6515625 0.85 0.6515625 0.85 0.7046875 0.7859375 0.7046875
0 0.746875 0.6609375 0.7921875 0.6609375 0.7921875 0.71875 0.746875 0.71875
0 0.6078125 0.675 0.6453125 0.675 0.6453125 0.7140625 0.6078125 0.7140625
0 0.5921875 0.7453125 0.6265625 0.7453125 0.6265625 0.790625 0.5921875 0.790625
0 0.3015625 0.096875 0.3453125 0.096875 0.3453125 0.1390625 0.3015625 0.1390625
8 0.6265625 0.1015625 0.6609375 0.1015625 0.6609375 0.134375 0.6265625 0.134375
0 0.4421875 0.1078125 0.4765625 0.1078125 0.4765625 0.1421875 0.4421875 0.1421875
0 0.3859375 0.1234375 0.4203125 0.1234375 0.4203125 0.15 0.3859375 0.15
0 0.284375 0.1375 0.31875 0.1375 0.31875 0.175 0.284375 0.175
0 0.40625 0.1515625 0.440625 0.1515625 0.440625 0.1875 0.40625 0.1875
0 0.4609375 0.16875 0.4875 0.16875 0.4875 0.2046875 0.4609375 0.2046875
0 0.5265625 0.1734375 0.553125 0.1734375 0.553125 0.2109375 0.5265625 0.2109375
0 0.3859375 0.1953125 0.434375 0.1953125 0.434375 0.23125 0.3859375 0.23125
8 0.6390625 0.2140625 0.68125 0.2140625 0.68125 0.25 0.6390625 0.25