8 0.609375 0.2359375 0.6265625 0.2359375 0.6265625 0.253125 0.609375 0.253125
8 0.50625 0.2359375 0.5359375 0.2359375 0.5359375 0.2625 0.50625 0.2625
8 0.540625 0.2859375 0.559375 0.2859375 0.559375 0.3 0.540625 0.3
0 0.39375 0.290625 0.43125 0.290625 0.43125 0.321875 0.39375 0.321875
8 0.5296875 0.303125 0.5609375 0.303125 0.5609375 0.3296875 0.5296875 0.3296875
0 0.4703125 0.3 0.5109375 0.3 0.5109375 0.334375 0.4703125 0.334375
0 0.653125 0.5671875 0.7109375 0.5671875 0.7109375 0.60625 0.653125 0.60625
0 0.35 0.6296875 0.4015625 0.6296875 0.4015625 0.6703125 0.35 0.6703125
0 0.334375 0.7 0.3734375 0.7 0.3734375 0.7375 0.334375 0.7375
0 0.65 0.721875 0.6796875 0.721875 0.6796875 0.75 0.65 0.75
0 0.5109375 0.7625 0.5453125 0.7625 0.5453125 0.79375 0.5109375 0.79375
0 0.6125 0.7703125 0.6625 0.7703125 0.6625 0.80625 0.6125 0.80625
0 0.6015625 0.0703125 0.6359375 0.0703125 0.6359375 0.096875 0.6015625 0.096875
0 0.4203125 0.821875 0.459375 0.821875 0.459375 0.865625 0.4203125 0.865625
0 0.615625 0.8578125 0.646875 0.8578125 0.646875 0.884375 0.615625 0.884375
0 0.653125 0.8578125 0.6828125 0.8578125 0.6828125 0.884375 0.653125 0.884375
0 0.646875 0.89375 0.70625 0.89375 0.70625 0.9234375 0.646875 0.9234375
0 0.428125 0.8828125 0.521875 0.8828125 0.521875 0.9421875 0.428125 0.9421875
0 0.6390625 0.934375 0.6765625 0.934375 0.6765625 0.9640625 0.6390625 0.9640625
8 0.6609375 0.115625 0.6765625 0.115625 0.6765625 0.1296875 0.6609375 0.1296875
8 0.5890625 0.1546875 0.6078125 0.1546875 0.6078125 0.16875 0.5890625 0.16875
8 0.6046875 0.15625 0.6171875 0.15625 0.6171875 0.1734375 0.6046875 0.1734375
8 0.546875 0.1640625 0.5625 0.1640625 0.5625 0.18125 0.546875 0.18125
0 0.440625 0.159375 0.484375 0.159375 0.484375 0.1921875 0.440625 0.1921875
8 0.503125 0.171875 0.5234375 0.171875 0.5234375 0.1859375 0.503125 0.1859375
8 0.4703125 0.16875 0.4953125 0.16875 0.4953125 0.190625 0.4703125 0.190625
8 0.5609375 0.1828125 0.578125 0.1828125 0.578125 0.2 0.5609375 0.2
8 0.5328125 0.2 0.55 0.2 0.55 0.2140625 0.5328125 0.2140625
8 0.484375 0.2 0.5078125 0.2 0.5078125 0.221875 0.484375 0.221875
8 0.565625 0.209375 0.5828125 0.209375 0.5828125 0.2265625 0.565625 0.2265625
8 0.5609375 0.2234375 0.5828125 0.2234375 0.5828125 0.2375 0.5609375 0.2375