1 0.5859375 0.3625 0.6203125 0.3625 0.6203125 0.3984375 0.5859375 0.3984375
0 0.68125 0.4453125 0.703125 0.4453125 0.703125 0.5 0.68125 0.5
0 0.6734375 0.5078125 0.7234375 0.5078125 0.7234375 0.5765625 0.6734375 0.5765625
0 0.5828125 0.5515625 0.609375 0.5515625 0.609375 0.5953125 0.5828125 0.5953125
0 0.6078125 0.5765625 0.628125 0.5765625 0.628125 0.615625 0.6078125 0.615625
0 0.7578125 0.6125 0.7796875 0.6125 0.7796875 0.6484375 0.7578125 0.6484375
0 0.578125 0.6125 0.5921875 0.6125 0.5921875 0.6515625 0.578125 0.6515625
0 0.6078125 0.6203125 0.634375 0.6203125 0.634375 0.6484375 0.6078125 0.6484375
0 0.6234375 0.6671875 0.665625 0.6671875 0.665625 0.73125 0.6234375 0.73125
0 0.665625 0.6890625 0.6875 0.6890625 0.6875 0.725 0.665625 0.725
0 0.584375 0.7109375 0.6125 0.7109375 0.6125 0.7578125 0.584375 0.7578125
0 0.678125 0.75 0.7 0.75 0.7 0.7796875 0.678125 0.7796875
0 0.625 0.775 0.6515625 0.775 0.6515625 0.8046875 0.625 0.8046875
0 0.5359375 0.240625 0.553125 0.240625 0.553125 0.28125 0.5359375 0.28125
0 0.6890625 0.3265625 0.7140625 0.3265625 0.7140625 0.3734375 0.6890625 0.3734375