1 0.2984375 0.3078125 0.340625 0.3078125 0.340625 0.375 0.2984375 0.375
1 0.2375 0.3171875 0.28125 0.3171875 0.28125 0.375 0.2375 0.375
0 0.3921875 0.3421875 0.4109375 0.3421875 0.4109375 0.365625 0.3921875 0.365625
1 0.5296875 0.4484375 0.5828125 0.4484375 0.5828125 0.509375 0.5296875 0.509375
0 0.5890625 0.4484375 0.6953125 0.4484375 0.6953125 0.5734375 0.5890625 0.5734375
1 0.3203125 0.5 0.3734375 0.5 0.3734375 0.5515625 0.3203125 0.5515625
1 0.4453125 0.5609375 0.5078125 0.5609375 0.5078125 0.60625 0.4453125 0.60625
0 0.459375 0.60625 0.4859375 0.60625 0.4859375 0.63125 0.459375 0.63125
0 0.334375 0.6375 0.365625 0.6375 0.365625 0.6734375 0.334375 0.6734375
0 0.3046875 0.640625 0.334375 0.640625 0.334375 0.678125 0.3046875 0.678125
0 0.375 0.6859375 0.39375 0.6859375 0.39375 0.7109375 0.375 0.7109375
0 0.26875 0.6796875 0.3125 0.6796875 0.3125 0.728125 0.26875 0.728125
0 0.3109375 0.6921875 0.328125 0.6921875 0.328125 0.71875 0.3109375 0.71875
0 0.525 0.6921875 0.5515625 0.6921875 0.5515625 0.7375 0.525 0.7375
0 0.6375 0.6984375 0.6703125 0.6984375 0.6703125 0.73125 0.6375 0.73125
0 0.3265625 0.7078125 0.3578125 0.7078125 0.3578125 0.7375 0.3265625 0.7375
0 0.4828125 0.76875 0.503125 0.76875 0.503125 0.7953125 0.4828125 0.7953125
0 0.4703125 0.7875 0.484375 0.7875 0.484375 0.809375 0.4703125 0.809375
0 0.4328125 0.125 0.5046875 0.125 0.5046875 0.2140625 0.4328125 0.2140625
1 0.490625 0.2078125 0.5265625 0.2078125 0.5265625 0.25 0.490625 0.25