0 0.290625 0.35625 0.3390625 0.35625 0.3390625 0.4359375 0.290625 0.4359375
0 0.36875 0.3625 0.4046875 0.3625 0.4046875 0.428125 0.36875 0.428125
0 0.4015625 0.475 0.4421875 0.475 0.4421875 0.54375 0.4015625 0.54375
0 0.3515625 0.4859375 0.4109375 0.4859375 0.4109375 0.56875 0.3515625 0.56875
0 0.4953125 0.5828125 0.5671875 0.5828125 0.5671875 0.65625 0.4953125 0.65625
0 0.2984375 0.025 0.365625 0.025 0.365625 0.1125 0.2984375 0.1125
1 0.2046875 0.7421875 0.2671875 0.7421875 0.2671875 0.8265625 0.2046875 0.8265625
0 0.3515625 0.7859375 0.4 0.7859375 0.4 0.8484375 0.3515625 0.8484375
0 0.2421875 0.8265625 0.2859375 0.8265625 0.2859375 0.90625 0.2421875 0.90625
0 0.51875 0.1421875 0.575 0.1421875 0.575 0.228125 0.51875 0.228125
0 0.35625 0.265625 0.4140625 0.265625 0.4140625 0.3453125 0.35625 0.3453125
0 0.5671875 0.2671875 0.634375 0.2671875 0.634375 0.3625 0.5671875 0.3625
0 0.690625 0.26875 0.7578125 0.26875 0.7578125 0.3703125 0.690625 0.3703125