0 0.4578125 0.2515625 0.515625 0.2515625 0.515625 0.296875 0.4578125 0.296875
8 0.25625 0.3765625 0.296875 0.3765625 0.296875 0.409375 0.25625 0.409375
0 0.1890625 0.478125 0.2375 0.478125 0.2375 0.5125 0.1890625 0.5125
0 0.13125 0.5046875 0.18125 0.5046875 0.18125 0.565625 0.13125 0.565625
8 0.2453125 0.5234375 0.2875 0.5234375 0.2875 0.55625 0.2453125 0.55625
0 0.296875 0.534375 0.35625 0.534375 0.35625 0.5703125 0.296875 0.5703125
8 0.2375 0.55625 0.2796875 0.55625 0.2796875 0.5828125 0.2375 0.5828125
0 0.3046875 0.5703125 0.346875 0.5703125 0.346875 0.6 0.3046875 0.6
0 0.40625 0.6109375 0.45 0.6109375 0.45 0.6390625 0.40625 0.6390625
0 0.29375 0.6640625 0.3421875 0.6640625 0.3421875 0.7015625 0.29375 0.7015625
0 0.4140625 0.715625 0.4625 0.715625 0.4625 0.753125 0.4140625 0.753125
0 0.6109375 0.8265625 0.6546875 0.8265625 0.6546875 0.853125 0.6109375 0.853125