0 0.6078125 0.23125 0.6921875 0.23125 0.6921875 0.3109375 0.6078125 0.3109375
0 0.5140625 0.2640625 0.5671875 0.2640625 0.5671875 0.315625 0.5140625 0.315625
0 0.3515625 0.278125 0.4203125 0.278125 0.4203125 0.3484375 0.3515625 0.3484375
0 0.78125 0.3390625 0.8609375 0.3390625 0.8609375 0.4125 0.78125 0.4125
0 0.6234375 0.3625 0.6953125 0.3625 0.6953125 0.453125 0.6234375 0.453125
0 0.48125 0.46875 0.5625 0.46875 0.5625 0.53125 0.48125 0.53125
8 0.6390625 0.4828125 0.6828125 0.4828125 0.6828125 0.5421875 0.6390625 0.5421875
0 0.7671875 0.503125 0.834375 0.503125 0.834375 0.565625 0.7671875 0.565625
8 0.546875 0.5390625 0.5921875 0.5390625 0.5921875 0.5984375 0.546875 0.5984375
8 0.5125 0.625 0.5546875 0.625 0.5546875 0.6640625 0.5125 0.6640625
8 0.509375 0.6609375 0.553125 0.6609375 0.553125 0.69375 0.509375 0.69375
0 0.728125 0.74375 0.78125 0.74375 0.78125 0.80625 0.728125 0.80625
0 0.165625 0.775 0.2234375 0.775 0.2234375 0.8453125 0.165625 0.8453125
0 0.7984375 0.046875 0.8875 0.046875 0.8875 0.13125 0.7984375 0.13125
0 0.859375 0.1890625 0.9359375 0.1890625 0.9359375 0.275 0.859375 0.275