0 0.209375 0.5046875 0.2484375 0.5046875 0.2484375 0.5359375 0.209375 0.5359375
0 0.278125 0.534375 0.31875 0.534375 0.31875 0.565625 0.278125 0.565625
0 0.390625 0.534375 0.4390625 0.534375 0.4390625 0.5875 0.390625 0.5875
0 0.525 0.553125 0.559375 0.553125 0.559375 0.5859375 0.525 0.5859375
0 0.221875 0.5390625 0.2671875 0.5390625 0.2671875 0.6015625 0.221875 0.6015625
0 0.265625 0.5671875 0.3109375 0.5671875 0.3109375 0.6015625 0.265625 0.6015625
0 0.4125 0.5796875 0.4515625 0.5796875 0.4515625 0.6109375 0.4125 0.6109375
0 0.3046875 0.5765625 0.35625 0.5765625 0.35625 0.6203125 0.3046875 0.6203125
0 0.540625 0.6234375 0.5703125 0.6234375 0.5703125 0.6609375 0.540625 0.6609375
0 0.3890625 0.6328125 0.4234375 0.6328125 0.4234375 0.6640625 0.3890625 0.6640625
0 0.3 0.6265625 0.353125 0.6265625 0.353125 0.678125 0.3 0.678125
0 0.4359375 0.6375 0.4859375 0.6375 0.4859375 0.6703125 0.4359375 0.6703125
0 0.5046875 0.6390625 0.5375 0.6390625 0.5375 0.6703125 0.5046875 0.6703125
0 0.35625 0.6453125 0.3953125 0.6453125 0.3953125 0.68125 0.35625 0.68125
0 0.5 0.6734375 0.5421875 0.6734375 0.5421875 0.7046875 0.5 0.7046875
0 0.3765625 0.690625 0.409375 0.690625 0.409375 0.721875 0.3765625 0.721875
0 0.4390625 0.7078125 0.4703125 0.7078125 0.4703125 0.7390625 0.4390625 0.7390625
0 0.39375 0.7171875 0.4328125 0.7171875 0.4328125 0.7546875 0.39375 0.7546875
0 0.359375 0.721875 0.396875 0.721875 0.396875 0.753125 0.359375 0.753125
0 0.353125 0.78125 0.3875 0.78125 0.3875 0.821875 0.353125 0.821875
0 0.4203125 0.8015625 0.4625 0.8015625 0.4625 0.8421875 0.4203125 0.8421875
0 0.353125 0.8265625 0.3875 0.8265625 0.3875 0.8515625 0.353125 0.8515625
0 0.6625 0.1375 0.7109375 0.1375 0.7109375 0.1890625 0.6625 0.1890625
2 0.309375 0.3546875 0.3328125 0.3546875 0.3328125 0.378125 0.309375 0.378125
2 0.1078125 0.5671875 0.13125 0.5671875 0.13125 0.590625 0.1078125 0.590625