0 0.553125 0.315625 0.59375 0.315625 0.59375 0.346875 0.553125 0.346875
0 0.3578125 0.334375 0.390625 0.334375 0.390625 0.371875 0.3578125 0.371875
8 0.75625 0.375 0.7859375 0.375 0.7859375 0.403125 0.75625 0.403125
8 0.7296875 0.4328125 0.759375 0.4328125 0.759375 0.459375 0.7296875 0.459375
8 0.703125 0.4546875 0.728125 0.4546875 0.728125 0.48125 0.703125 0.48125
8 0.6265625 0.65625 0.646875 0.65625 0.646875 0.6703125 0.6265625 0.6703125
8 0.634375 0.6703125 0.6609375 0.6703125 0.6609375 0.6921875 0.634375 0.6921875
8 0.5828125 0.6921875 0.609375 0.6921875 0.609375 0.7140625 0.5828125 0.7140625
8 0.6609375 0.7078125 0.684375 0.7078125 0.684375 0.734375 0.6609375 0.734375
0 0.4890625 0.7046875 0.51875 0.7046875 0.51875 0.7375 0.4890625 0.7375
8 0.59375 0.7234375 0.6234375 0.7234375 0.6234375 0.7421875 0.59375 0.7421875
0 0.4390625 0.878125 0.4703125 0.878125 0.4703125 0.9046875 0.4390625 0.9046875
0 0.4796875 0.9 0.525 0.9 0.525 0.940625 0.4796875 0.940625