8 0.38125 0.4484375 0.4140625 0.4484375 0.4140625 0.4875 0.38125 0.4875
1 0.5140625 0.4765625 0.5625 0.4765625 0.5625 0.5171875 0.5140625 0.5171875
8 0.4109375 0.525 0.4515625 0.525 0.4515625 0.5703125 0.4109375 0.5703125
1 0.5328125 0.0359375 0.584375 0.0359375 0.584375 0.08125 0.5328125 0.08125
0 0.5203125 0.5875 0.5875 0.5875 0.5875 0.6328125 0.5203125 0.6328125
0 0.40625 0.5953125 0.4515625 0.5953125 0.4515625 0.6515625 0.40625 0.6515625
0 0.734375 0.615625 0.8015625 0.615625 0.8015625 0.665625 0.734375 0.665625
0 0.3796875 0.0328125 0.4625 0.0328125 0.4625 0.109375 0.3796875 0.109375
0 0.6125 0.7671875 0.6953125 0.7671875 0.6953125 0.8515625 0.6125 0.8515625
1 0.8921875 0.865625 0.9328125 0.865625 0.9328125 0.9109375 0.8921875 0.9109375
1 0.6609375 0.875 0.7 0.875 0.7 0.91875 0.6609375 0.91875
0 0.4 0.1140625 0.4671875 0.1140625 0.4671875 0.1765625 0.4 0.1765625