8 0.5625 0.2234375 0.6 0.2234375 0.6 0.2640625 0.5625 0.2640625
0 0.2609375 0.228125 0.3125 0.228125 0.3125 0.2609375 0.2609375 0.2609375
0 0.34375 0.2734375 0.3953125 0.2734375 0.3953125 0.30625 0.34375 0.30625
0 0.8671875 0.5125 0.90625 0.5125 0.90625 0.546875 0.8671875 0.546875
0 0.3890625 0.575 0.43125 0.575 0.43125 0.6171875 0.3890625 0.6171875
0 0.8546875 0.6265625 0.8859375 0.6265625 0.8859375 0.6671875 0.8546875 0.6671875
2 0.5234375 0.65 0.5625 0.65 0.5625 0.68125 0.5234375 0.68125
8 0.6375 0.6671875 0.6671875 0.6671875 0.6671875 0.696875 0.6375 0.696875
0 0.7390625 0.7171875 0.7796875 0.7171875 0.7796875 0.7546875 0.7390625 0.7546875
1 0.6765625 0.7265625 0.71875 0.7265625 0.71875 0.775 0.6765625 0.775
0 0.753125 0.759375 0.7921875 0.759375 0.7921875 0.7984375 0.753125 0.7984375
1 0.265625 0.178125 0.2921875 0.178125 0.2921875 0.2140625 0.265625 0.2140625