0 0.41875 0.21875 0.471875 0.21875 0.471875 0.271875 0.41875 0.271875
0 0.3796875 0.240625 0.4203125 0.240625 0.4203125 0.2890625 0.3796875 0.2890625
8 0.540625 0.2546875 0.575 0.2546875 0.575 0.290625 0.540625 0.290625
0 0.35625 0.29375 0.390625 0.29375 0.390625 0.3296875 0.35625 0.3296875
0 0.69375 0.346875 0.7421875 0.346875 0.7421875 0.3890625 0.69375 0.3890625
8 0.5203125 0.55 0.5625 0.55 0.5625 0.5828125 0.5203125 0.5828125
0 0.08125 0.6015625 0.128125 0.6015625 0.128125 0.6390625 0.08125 0.6390625
0 0.1078125 0.6234375 0.15625 0.6234375 0.15625 0.6671875 0.1078125 0.6671875
1 0.4046875 0.6375 0.4359375 0.6375 0.4359375 0.6640625 0.4046875 0.6640625
1 0.184375 0.6734375 0.221875 0.6734375 0.221875 0.7015625 0.184375 0.7015625
1 0.23125 0.6734375 0.2609375 0.6734375 0.2609375 0.7015625 0.23125 0.7015625
1 0.2953125 0.6828125 0.3328125 0.6828125 0.3328125 0.7140625 0.2953125 0.7140625
0 0.4375 0.6984375 0.5015625 0.6984375 0.5015625 0.7484375 0.4375 0.7484375
0 0.340625 0.7703125 0.4 0.7703125 0.4 0.8109375 0.340625 0.8109375
1 0.26875 0.7859375 0.30625 0.7859375 0.30625 0.8171875 0.26875 0.8171875
1 0.26875 0.8734375 0.3 0.8734375 0.3 0.9046875 0.26875 0.9046875
1 0.359375 0.8875 0.3859375 0.8875 0.3859375 0.9109375 0.359375 0.9109375
0 0.465625 0.134375 0.5109375 0.134375 0.5109375 0.1703125 0.465625 0.1703125
0 0.31875 0.2046875 0.3640625 0.2046875 0.3640625 0.2546875 0.31875 0.2546875
0 0.4953125 0.2109375 0.540625 0.2109375 0.540625 0.2546875 0.4953125 0.2546875