1 0.5609375 0.3125 0.6078125 0.3125 0.6078125 0.346875 0.5609375 0.346875
8 0.509375 0.3515625 0.55 0.3515625 0.55 0.3796875 0.509375 0.3796875
0 0.409375 0.6078125 0.446875 0.6078125 0.446875 0.6390625 0.409375 0.6390625
0 0.38125 0.640625 0.415625 0.640625 0.415625 0.6765625 0.38125 0.6765625
0 0.571875 0.675 0.61875 0.675 0.61875 0.7078125 0.571875 0.7078125
0 0.5125 0.6765625 0.559375 0.6765625 0.559375 0.7171875 0.5125 0.7171875
0 0.43125 0.703125 0.46875 0.703125 0.46875 0.74375 0.43125 0.74375
8 0.646875 0.7609375 0.675 0.7609375 0.675 0.7890625 0.646875 0.7890625
1 0.39375 0.759375 0.428125 0.759375 0.428125 0.8 0.39375 0.8
0 0.44375 0.7828125 0.484375 0.7828125 0.484375 0.8171875 0.44375 0.8171875
0 0.4953125 0.778125 0.5421875 0.778125 0.5421875 0.8234375 0.4953125 0.8234375