0 0.2890625 0.3390625 0.3375 0.3390625 0.3375 0.3703125 0.2890625 0.3703125
8 0.1765625 0.3578125 0.2078125 0.3578125 0.2078125 0.3890625 0.1765625 0.3890625
8 0.1953125 0.396875 0.2296875 0.396875 0.2296875 0.425 0.1953125 0.425
8 0.2734375 0.428125 0.3078125 0.428125 0.3078125 0.459375 0.2734375 0.459375
8 0.29375 0.44375 0.3265625 0.44375 0.3265625 0.4734375 0.29375 0.4734375
8 0.21875 0.4765625 0.259375 0.4765625 0.259375 0.509375 0.21875 0.509375
8 0.2140625 0.54375 0.2453125 0.54375 0.2453125 0.565625 0.2140625 0.565625
0 0.1453125 0.5484375 0.1796875 0.5484375 0.1796875 0.58125 0.1453125 0.58125
8 0.3375 0.58125 0.36875 0.58125 0.36875 0.603125 0.3375 0.603125
8 0.275 0.596875 0.31875 0.596875 0.31875 0.628125 0.275 0.628125
0 0.35 0.628125 0.4203125 0.628125 0.4203125 0.6703125 0.35 0.6703125
0 0.303125 0.784375 0.3375 0.784375 0.3375 0.821875 0.303125 0.821875
0 0.3875 0.875 0.440625 0.875 0.440625 0.925 0.3875 0.925
8 0.3953125 0.075 0.4375 0.075 0.4375 0.109375 0.3953125 0.109375