0 0.1578125 0.2765625 0.1921875 0.2765625 0.1921875 0.309375 0.1578125 0.309375
0 0.5421875 0.28125 0.575 0.28125 0.575 0.3296875 0.5421875 0.3296875
1 0.1515625 0.303125 0.1765625 0.303125 0.1765625 0.325 0.1515625 0.325
8 0.2171875 0.3125 0.2484375 0.3125 0.2484375 0.340625 0.2171875 0.340625
8 0.1796875 0.4359375 0.2171875 0.4359375 0.2171875 0.4671875 0.1796875 0.4671875
0 0.39375 0.5625 0.44375 0.5625 0.44375 0.6078125 0.39375 0.6078125
1 0.0625 0.603125 0.1 0.603125 0.1 0.6421875 0.0625 0.6421875
0 0.53125 0.6234375 0.59375 0.6234375 0.59375 0.6640625 0.53125 0.6640625
0 0.2140625 0.7046875 0.259375 0.7046875 0.259375 0.7375 0.2140625 0.7375
1 0.171875 0.7578125 0.2171875 0.7578125 0.2171875 0.7859375 0.171875 0.7859375
0 0.3796875 0.08125 0.4328125 0.08125 0.4328125 0.1296875 0.3796875 0.1296875
8 0.225 0.0921875 0.2625 0.0921875 0.2625 0.1265625 0.225 0.1265625
0 0.171875 0.1515625 0.221875 0.1515625 0.221875 0.1875 0.171875 0.1875
1 0.2859375 0.1875 0.3296875 0.1875 0.3296875 0.2140625 0.2859375 0.2140625