8 0.9109375 0.3734375 0.9328125 0.3734375 0.9328125 0.4046875 0.9109375 0.4046875
8 0.53125 0.4203125 0.55 0.4203125 0.55 0.4421875 0.53125 0.4421875
0 0.846875 0.4515625 0.8921875 0.4515625 0.8921875 0.503125 0.846875 0.503125
8 0.925 0.5 0.9546875 0.5 0.9546875 0.528125 0.925 0.528125
8 0.875 0.503125 0.896875 0.503125 0.896875 0.53125 0.875 0.53125
0 0.728125 0.503125 0.759375 0.503125 0.759375 0.5359375 0.728125 0.5359375
8 0.834375 0.5125 0.853125 0.5125 0.853125 0.5390625 0.834375 0.5390625
8 0.790625 0.540625 0.821875 0.540625 0.821875 0.5671875 0.790625 0.5671875
8 0.8390625 0.54375 0.865625 0.54375 0.865625 0.565625 0.8390625 0.565625
8 0.771875 0.590625 0.8 0.590625 0.8 0.615625 0.771875 0.615625
8 0.7546875 0.6171875 0.7859375 0.6171875 0.7859375 0.6421875 0.7546875 0.6421875
8 0.7453125 0.6375 0.771875 0.6375 0.771875 0.659375 0.7453125 0.659375
8 0.784375 0.6609375 0.8125 0.6609375 0.8125 0.6875 0.784375 0.6875
8 0.80625 0.6859375 0.8328125 0.6859375 0.8328125 0.7078125 0.80625 0.7078125
8 0.46875 0.684375 0.496875 0.684375 0.496875 0.71875 0.46875 0.71875
8 0.7640625 0.728125 0.7953125 0.728125 0.7953125 0.759375 0.7640625 0.759375
8 0.803125 0.7671875 0.834375 0.7671875 0.834375 0.790625 0.803125 0.790625
8 0.7640625 0.775 0.790625 0.775 0.790625 0.8015625 0.7640625 0.8015625
8 0.6953125 0.7828125 0.7234375 0.7828125 0.7234375 0.803125 0.6953125 0.803125
8 0.790625 0.7953125 0.815625 0.7953125 0.815625 0.8203125 0.790625 0.8203125
8 0.728125 0.8 0.753125 0.8 0.753125 0.825 0.728125 0.825
8 0.6484375 0.8578125 0.6734375 0.8578125 0.6734375 0.8875 0.6484375 0.8875
8 0.7078125 0.8953125 0.734375 0.8953125 0.734375 0.9265625 0.7078125 0.9265625