0 0.2875 0.5703125 0.321875 0.5703125 0.321875 0.5984375 0.2875 0.5984375
0 0.4328125 0.5765625 0.5 0.5765625 0.5 0.628125 0.4328125 0.628125
1 0.1515625 0.6046875 0.1921875 0.6046875 0.1921875 0.6359375 0.1515625 0.6359375
0 0.34375 0.60625 0.3890625 0.60625 0.3890625 0.6375 0.34375 0.6375
0 0.275 0.60625 0.3171875 0.60625 0.3171875 0.64375 0.275 0.64375
0 0.5578125 0.625 0.5984375 0.625 0.5984375 0.653125 0.5578125 0.653125
0 0.2625 0.634375 0.2953125 0.634375 0.2953125 0.65625 0.2625 0.65625
0 0.2390625 0.634375 0.26875 0.634375 0.26875 0.66875 0.2390625 0.66875
0 0.3671875 0.6515625 0.396875 0.6515625 0.396875 0.6828125 0.3671875 0.6828125
0 0.284375 0.65 0.31875 0.65 0.31875 0.6921875 0.284375 0.6921875
0 0.5109375 0.6734375 0.5453125 0.6734375 0.5453125 0.709375 0.5109375 0.709375
0 0.3671875 0.7015625 0.4125 0.7015625 0.4125 0.73125 0.3671875 0.73125
0 0.409375 0.7046875 0.4421875 0.7046875 0.4421875 0.75 0.409375 0.75
0 0.540625 0.721875 0.5859375 0.721875 0.5859375 0.7546875 0.540625 0.7546875
0 0.2953125 0.7234375 0.340625 0.7234375 0.340625 0.771875 0.2953125 0.771875
0 0.34375 0.7390625 0.371875 0.7390625 0.371875 0.7703125 0.34375 0.7703125
0 0.359375 0.740625 0.40625 0.740625 0.40625 0.76875 0.359375 0.76875
0 0.4390625 0.7578125 0.4671875 0.7578125 0.4671875 0.7796875 0.4390625 0.7796875
0 0.3328125 0.7578125 0.3671875 0.7578125 0.3671875 0.7890625 0.3328125 0.7890625
0 0.503125 0.753125 0.5421875 0.753125 0.5421875 0.79375 0.503125 0.79375
0 0.4515625 0.7859375 0.4921875 0.7859375 0.4921875 0.8296875 0.4515625 0.8296875
0 0.5796875 0.7859375 0.6203125 0.7859375 0.6203125 0.8296875 0.5796875 0.8296875
0 0.415625 0.7953125 0.453125 0.7953125 0.453125 0.8296875 0.415625 0.8296875
0 0.4734375 0.8171875 0.5125 0.8171875 0.5125 0.85625 0.4734375 0.85625
0 0.434375 0.8296875 0.4796875 0.8296875 0.4796875 0.8609375 0.434375 0.8609375
0 0.434375 0.8875 0.4640625 0.8875 0.4640625 0.9234375 0.434375 0.9234375
0 0.6171875 0.96875 0.6640625 0.96875 0.6640625 0.996875 0.6171875 0.996875