0 0.4328125 0.253125 0.4671875 0.253125 0.4671875 0.290625 0.4328125 0.290625
8 0.728125 0.378125 0.7625 0.378125 0.7625 0.4 0.728125 0.4
8 0.759375 0.3875 0.7921875 0.3875 0.7921875 0.409375 0.759375 0.409375
8 0.775 0.434375 0.8078125 0.434375 0.8078125 0.459375 0.775 0.459375
0 0.7078125 0.4453125 0.7515625 0.4453125 0.7515625 0.4828125 0.7078125 0.4828125
0 0.353125 0.446875 0.3875 0.446875 0.3875 0.4875 0.353125 0.4875
8 0.7015625 0.6109375 0.73125 0.6109375 0.73125 0.6328125 0.7015625 0.6328125
1 0.4734375 0.6125 0.5078125 0.6125 0.5078125 0.64375 0.4734375 0.64375
8 0.628125 0.6953125 0.6609375 0.6953125 0.6609375 0.7265625 0.628125 0.7265625
0 0.6578125 0.7078125 0.7171875 0.7078125 0.7171875 0.7703125 0.6578125 0.7703125
0 0.5484375 0.7375 0.590625 0.7375 0.590625 0.771875 0.5484375 0.771875
0 0.7375 0.7359375 0.7859375 0.7359375 0.7859375 0.78125 0.7375 0.78125
0 0.6609375 0.7703125 0.6953125 0.7703125 0.6953125 0.8015625 0.6609375 0.8015625
0 0.6140625 0.7671875 0.646875 0.7671875 0.646875 0.803125 0.6140625 0.803125