0 0.909375 0.5703125 0.9578125 0.5703125 0.9578125 0.6203125 0.909375 0.6203125
0 0.6609375 0.5984375 0.7703125 0.5984375 0.7703125 0.6640625 0.6609375 0.6640625
0 0.8859375 0.6109375 0.925 0.6109375 0.925 0.66875 0.8859375 0.66875
0 0.6984375 0.653125 0.7625 0.653125 0.7625 0.6875 0.6984375 0.6875
2 0.9265625 0.690625 0.9609375 0.690625 0.9609375 0.7234375 0.9265625 0.7234375
0 0.584375 0.690625 0.6328125 0.690625 0.6328125 0.7296875 0.584375 0.7296875
0 0.85625 0.696875 0.9171875 0.696875 0.9171875 0.7484375 0.85625 0.7484375
0 0.6921875 0.721875 0.74375 0.721875 0.74375 0.7640625 0.6921875 0.7640625
1 0.53125 0.753125 0.56875 0.753125 0.56875 0.784375 0.53125 0.784375
0 0.5875 0.79375 0.6375 0.79375 0.6375 0.8421875 0.5875 0.8421875
1 0.721875 0.8234375 0.759375 0.8234375 0.759375 0.853125 0.721875 0.853125
0 0.703125 0.84375 0.7484375 0.84375 0.7484375 0.896875 0.703125 0.896875