0 0.66875 0.246875 0.859375 0.246875 0.859375 0.3125 0.66875 0.3125
0 0.3359375 0.28125 0.4328125 0.28125 0.4328125 0.3515625 0.3359375 0.3515625
8 0.4484375 0.3421875 0.534375 0.3421875 0.534375 0.3875 0.4484375 0.3875
0 0.76875 0.3484375 0.90625 0.3484375 0.90625 0.4359375 0.76875 0.4359375
0 0.4140625 0.384375 0.503125 0.384375 0.503125 0.4640625 0.4140625 0.4640625
0 0.325 0.396875 0.4171875 0.396875 0.4171875 0.4703125 0.325 0.4703125
0 0.559375 0.415625 0.69375 0.415625 0.69375 0.478125 0.559375 0.478125
0 0.4734375 0.440625 0.575 0.440625 0.575 0.49375 0.4734375 0.49375
0 0.2828125 0.459375 0.3546875 0.459375 0.3546875 0.5015625 0.2828125 0.5015625
0 0.578125 0.48125 0.6375 0.48125 0.6375 0.5234375 0.578125 0.5234375
0 0.634375 0.4765625 0.73125 0.4765625 0.73125 0.5296875 0.634375 0.5296875
0 0.590625 0.534375 0.6953125 0.534375 0.6953125 0.5921875 0.590625 0.5921875
0 0.4859375 0.5515625 0.59375 0.5515625 0.59375 0.609375 0.4859375 0.609375
0 0.284375 0.5578125 0.3625 0.5578125 0.3625 0.621875 0.284375 0.621875
0 0.5375 0.60625 0.6296875 0.60625 0.6296875 0.6640625 0.5375 0.6640625
0 0.4 0.6296875 0.534375 0.6296875 0.534375 0.6828125 0.4 0.6828125
8 0.8375 0.7296875 0.9109375 0.7296875 0.9109375 0.765625 0.8375 0.765625
0 0.61875 0.7265625 0.7015625 0.7265625 0.7015625 0.79375 0.61875 0.79375
0 0.73125 0.78125 0.828125 0.78125 0.828125 0.85625 0.73125 0.85625
8 0.4546875 0.0671875 0.5296875 0.0671875 0.5296875 0.1015625 0.4546875 0.1015625
0 0.5859375 0.834375 0.7421875 0.834375 0.7421875 0.90625 0.5859375 0.90625
8 0.4109375 0.125 0.4921875 0.125 0.4921875 0.1796875 0.4109375 0.1796875
8 0.328125 0.146875 0.3953125 0.146875 0.3953125 0.1828125 0.328125 0.1828125
8 0.6453125 0.175 0.7171875 0.175 0.7171875 0.228125 0.6453125 0.228125
8 0.7484375 0.196875 0.8234375 0.196875 0.8234375 0.2375 0.7484375 0.2375
8 0.3875 0.209375 0.4515625 0.209375 0.4515625 0.2421875 0.3875 0.2421875