8 0.240625 0.3125 0.29375 0.3125 0.29375 0.3578125 0.240625 0.3578125
0 0.3234375 0.3140625 0.36875 0.3140625 0.36875 0.365625 0.3234375 0.365625
0 0.521875 0.478125 0.565625 0.478125 0.565625 0.5171875 0.521875 0.5171875
0 0.490625 0.86875 0.5421875 0.86875 0.5421875 0.9203125 0.490625 0.9203125
0 0.3046875 0.9421875 0.3640625 0.9421875 0.3640625 0.98125 0.3046875 0.98125
0 0.4359375 0.9640625 0.465625 0.9640625 0.465625 0.990625 0.4359375 0.990625
0 0.45625 0.971875 0.4859375 0.971875 0.4859375 1 0.45625 1
0 0.128125 0.8171875 0.1625 0.8171875 0.1625 0.8640625 0.128125 0.8640625
0 0.334375 0.915625 0.371875 0.915625 0.371875 0.940625 0.334375 0.940625
0 0.46875 0.9125 0.4953125 0.9125 0.4953125 0.934375 0.46875 0.934375
8 0.39375 0.9421875 0.4265625 0.9421875 0.4265625 0.971875 0.39375 0.971875
0 0.425 0.815625 0.45625 0.815625 0.45625 0.840625 0.425 0.840625
0 0.4296875 0.7140625 0.4671875 0.7140625 0.4671875 0.75 0.4296875 0.75