0 0.81875 0.540625 0.8484375 0.540625 0.8484375 0.5609375 0.81875 0.5609375
0 0.703125 0.5484375 0.7375 0.5484375 0.7375 0.5796875 0.703125 0.5796875
0 0.834375 0.553125 0.8640625 0.553125 0.8640625 0.5765625 0.834375 0.5765625
0 0.78125 0.5796875 0.81875 0.5796875 0.81875 0.60625 0.78125 0.60625
0 0.825 0.5828125 0.878125 0.5828125 0.878125 0.615625 0.825 0.615625
0 0.5671875 0.5984375 0.5984375 0.5984375 0.5984375 0.6296875 0.5671875 0.6296875
0 0.846875 0.6109375 0.8828125 0.6109375 0.8828125 0.6375 0.846875 0.6375
0 0.8765625 0.621875 0.9015625 0.621875 0.9015625 0.646875 0.8765625 0.646875
0 0.80625 0.6265625 0.8484375 0.6265625 0.8484375 0.659375 0.80625 0.659375
0 0.7515625 0.628125 0.79375 0.628125 0.79375 0.6734375 0.7515625 0.6734375
0 0.6265625 0.6453125 0.65625 0.6453125 0.65625 0.6765625 0.6265625 0.6765625
0 0.7109375 0.66875 0.7484375 0.66875 0.7484375 0.7171875 0.7109375 0.7171875
0 0.796875 0.7 0.846875 0.7 0.846875 0.7359375 0.796875 0.7359375
0 0.5703125 0.7046875 0.609375 0.7046875 0.609375 0.7359375 0.5703125 0.7359375
0 0.7546875 0.7140625 0.796875 0.7140625 0.796875 0.7453125 0.7546875 0.7453125
0 0.684375 0.728125 0.7140625 0.728125 0.7140625 0.753125 0.684375 0.753125
0 0.775 0.7328125 0.8125 0.7328125 0.8125 0.7640625 0.775 0.7640625
0 0.6953125 0.76875 0.7265625 0.76875 0.7265625 0.79375 0.6953125 0.79375
0 0.6109375 0.79375 0.68125 0.79375 0.68125 0.8390625 0.6109375 0.8390625
0 0.66875 0.8015625 0.703125 0.8015625 0.703125 0.8375 0.66875 0.8375
0 0.66875 0.8671875 0.7 0.8671875 0.7 0.8921875 0.66875 0.8921875
8 0.4234375 0.909375 0.4671875 0.909375 0.4671875 0.9390625 0.4234375 0.9390625
0 0.44375 0.940625 0.4859375 0.940625 0.4859375 0.9703125 0.44375 0.9703125
0 0.61875 0.859375 0.6515625 0.859375 0.6515625 0.8890625 0.61875 0.8890625
0 0.653125 0.834375 0.684375 0.834375 0.684375 0.8625 0.653125 0.8625
0 0.5140625 0.7765625 0.55 0.7765625 0.55 0.8046875 0.5140625 0.8046875
0 0.8 0.425 0.84375 0.425 0.84375 0.4640625 0.8 0.4640625
0 0.609375 0.7265625 0.6453125 0.7265625 0.6453125 0.771875 0.609375 0.771875
0 0.603125 0.9046875 0.6359375 0.9046875 0.6359375 0.9296875 0.603125 0.9296875
0 0.6703125 0.909375 0.703125 0.909375 0.703125 0.9390625 0.6703125 0.9390625
0 0.746875 0.678125 0.778125 0.678125 0.778125 0.703125 0.746875 0.703125
0 0.8375 0.6484375 0.8671875 0.6484375 0.8671875 0.6859375 0.8375 0.6859375