8 0.7671875 0.3046875 0.8 0.3046875 0.8 0.3390625 0.7671875 0.3390625
8 0.790625 0.321875 0.8203125 0.321875 0.8203125 0.35625 0.790625 0.35625
8 0.728125 0.334375 0.759375 0.334375 0.759375 0.3625 0.728125 0.3625
8 0.78125 0.3609375 0.821875 0.3609375 0.821875 0.3875 0.78125 0.3875
8 0.70625 0.3625 0.740625 0.3625 0.740625 0.3921875 0.70625 0.3921875
8 0.7484375 0.365625 0.784375 0.365625 0.784375 0.3984375 0.7484375 0.3984375
8 0.4546875 0.4859375 0.4859375 0.4859375 0.4859375 0.521875 0.4546875 0.521875
8 0.7671875 0.5609375 0.8078125 0.5609375 0.8078125 0.5921875 0.7671875 0.5921875
8 0.634375 0.5625 0.6859375 0.5625 0.6859375 0.60625 0.634375 0.60625
8 0.803125 0.5875 0.8390625 0.5875 0.8390625 0.6234375 0.803125 0.6234375
1 0.5703125 0.6171875 0.603125 0.6171875 0.603125 0.6609375 0.5703125 0.6609375
8 0.571875 0.6953125 0.6125 0.6953125 0.6125 0.7328125 0.571875 0.7328125
8 0.703125 0.1953125 0.7484375 0.1953125 0.7484375 0.2359375 0.703125 0.2359375