0 0.534375 0.228125 0.5953125 0.228125 0.5953125 0.2796875 0.534375 0.2796875
8 0.5046875 0.4359375 0.559375 0.4359375 0.559375 0.48125 0.5046875 0.48125
0 0.084375 0.4734375 0.14375 0.4734375 0.14375 0.509375 0.084375 0.509375
0 0.0828125 0.5265625 0.140625 0.5265625 0.140625 0.5578125 0.0828125 0.5578125
0 0.1359375 0.596875 0.2046875 0.596875 0.2046875 0.6375 0.1359375 0.6375
0 0.0828125 0.6453125 0.1328125 0.6453125 0.1328125 0.68125 0.0828125 0.68125
0 0.128125 0.678125 0.1703125 0.678125 0.1703125 0.740625 0.128125 0.740625
8 0.4734375 0.8796875 0.5125 0.8796875 0.5125 0.915625 0.4734375 0.915625
8 0.534375 0.9078125 0.584375 0.9078125 0.584375 0.9484375 0.534375 0.9484375
8 0.4984375 0.91875 0.5328125 0.91875 0.5328125 0.946875 0.4984375 0.946875
2 0.234375 0.7875 0.2625 0.7875 0.2625 0.8125 0.234375 0.8125
2 0.371875 0.73125 0.4015625 0.73125 0.4015625 0.7578125 0.371875 0.7578125
2 0.3765625 0.8359375 0.40625 0.8359375 0.40625 0.8625 0.3765625 0.8625
0 0.2109375 0.690625 0.2484375 0.690625 0.2484375 0.7265625 0.2109375 0.7265625
0 0.4140625 0.94375 0.4375 0.94375 0.4375 0.971875 0.4140625 0.971875
0 0.3671875 0.9375 0.39375 0.9375 0.39375 0.9609375 0.3671875 0.9609375
8 0.2359375 0.390625 0.2671875 0.390625 0.2671875 0.41875 0.2359375 0.41875
8 0.2046875 0.390625 0.2375 0.390625 0.2375 0.4125 0.2046875 0.4125
8 0.1515625 0.415625 0.1859375 0.415625 0.1859375 0.4421875 0.1515625 0.4421875