0 0.6453125 0.6484375 0.6796875 0.6484375 0.6796875 0.6734375 0.6453125 0.6734375
0 0.68125 0.6703125 0.7328125 0.6703125 0.7328125 0.709375 0.68125 0.709375
0 0.6203125 0.678125 0.6546875 0.678125 0.6546875 0.70625 0.6203125 0.70625
0 0.596875 0.7015625 0.634375 0.7015625 0.634375 0.7328125 0.596875 0.7328125
0 0.7078125 0.7015625 0.7515625 0.7015625 0.7515625 0.7328125 0.7078125 0.7328125
0 0.6359375 0.7234375 0.6875 0.7234375 0.6875 0.759375 0.6359375 0.759375
0 0.71875 0.7375 0.759375 0.7375 0.759375 0.7625 0.71875 0.7625
0 0.6828125 0.7421875 0.709375 0.7421875 0.709375 0.771875 0.6828125 0.771875
0 0.6046875 0.7625 0.6390625 0.7625 0.6390625 0.79375 0.6046875 0.79375
0 0.6765625 0.790625 0.70625 0.790625 0.70625 0.815625 0.6765625 0.815625
0 0.6390625 0.8 0.6890625 0.8 0.6890625 0.853125 0.6390625 0.853125